101.041	75.2362
102.329	77.9196
103.616	78.4322
104.901	81.2462
106.188	83.8995
107.473	87.7286
108.758	92.6834
110.044	98.9347
111.328	104.362
112.613	112.744
113.896	117.99
115.18	122.633
116.464	126.181
117.747	128.703
119.029	129.025
120.311	130.392
121.594	133.789
122.875	133.98
124.157	133.97
125.437	135.266
126.718	137.97
127.999	139.819
129.279	139.809
130.558	141.095
131.838	140.301
133.117	140.02
134.395	136.352
135.673	135.347
136.951	133.487
138.229	132.08
139.506	130.874
140.784	130.452
142.06	130.291
143.336	131.035
144.613	132.02
145.888	132.362
147.163	133.196
148.438	132.03
149.713	129.739
150.988	127.648
152.262	126.382
153.535	123.236
154.809	123.005
156.082	119.769
157.354	117.085
158.627	114.382
159.899	111.538
161.17	109.538
162.441	108.201
163.712	105.437
164.983	104.352
166.254	101.698
167.524	100.523
168.794	99.8894
170.063	98.1307
171.333	97.5277
172.601	96.1407
173.87	97.1859
175.137	95.0151
176.405	95.5377
177.673	94.3518
178.94	94.5126
180.206	93.4774
181.473	93.3668
182.739	94.2513
184.005	94.1106
185.27	95.1457
186.535	93.2462
187.8	94.402
189.065	96.1809
190.328	96.5025
191.593	96.0704
192.856	98.804
194.119	98.9045
195.381	98.593
196.644	99.5678
197.906	100.422
199.168	101.136
200.429	100.965
201.691	100.101
202.952	99.5578
204.212	98.2814
205.472	97.0654
206.732	96.6834
207.992	94.9146
209.251	92.2814
210.509	91.3568
211.768	88.7538
213.027	88.1608
214.284	86.4824
215.541	85.9698
216.798	84.01
218.056	83.3065
219.312	84.0905
220.568	84.4824
221.824	83.8593
223.08	84.7537
224.335	84.8442
225.59	85.2462
226.844	85.9698
228.099	87.0552
229.352	87.3065
230.606	87.6482
231.859	89.7789
233.113	91.7186
234.365	93.4573
235.617	94.6734
236.869	97.2362
238.121	97.2463
239.373	98.8643
240.623	98.603
241.874	96.8844
243.124	97.0352
244.374	96.4523
245.623	95.8995
246.873	93.9196
248.122	93.9899
249.371	96.7337
250.62	96.3819
251.867	95.3065
253.115	93.4573
254.362	90.8342
255.609	90.2915
256.856	89.9095
258.102	90.2111
259.348	89.789
260.594	89.3367
261.84	88.9146
263.085	89.9397
264.329	89.9296
265.574	89.6181
266.818	90.8744
268.061	91.2261
269.305	92.7035
270.548	92.3417
271.791	92.402
273.033	91.9096
274.275	93.5377
275.517	93.7186
276.758	93.1658
278	93.2764
279.241	93.598
280.482	94.5226
281.721	94.3618
282.961	93.5176
284.201	95.6281
285.44	96.6332
286.679	95.7487
287.917	95.8392
289.156	95.0352
290.393	94.5628
291.631	94.7638
292.868	94.1407
294.106	92.7136
295.342	93.9498
296.578	94.2814
297.814	94.7437
299.05	96.402
300.285	96.6935
301.52	98.0804
302.754	99.5276
303.988	99.5779
305.222	100.613
306.456	102.503
307.69	104.191
308.923	105.357
310.155	107.749
311.388	109.427
312.62	112.513
313.852	113.678
315.083	115.317
316.313	116.452
317.545	117.769
318.775	117.729
320.005	117.045
321.234	118.07
322.464	114.874
323.693	115.97
324.922	115.628
326.151	112.673
327.378	113.035
328.607	110.492
329.834	109.246
331.061	107.869
332.288	106.131
333.514	105.799
334.74	106.442
335.966	106.362
337.192	107.116
338.417	109.789
339.642	110.151
340.867	112.472
342.091	114.995
343.315	114.673
344.538	115.688
345.762	113.709
346.985	113.437
348.208	111.859
349.429	109.809
350.651	107.729
351.873	104.955
353.094	103.578
354.316	102.492
355.536	102.774
356.757	102.231
357.977	102.372
359.196	103.297
360.416	104.714
361.635	106.01
362.853	107.307
364.072	108.04
365.29	109.658
366.508	110.171
367.725	110.673
368.942	110.412
370.16	110.543
371.376	107.678
372.592	103.055
373.808	99.7889
375.023	93.8895
376.238	90
377.453	85.9698
378.667	84.6231
379.882	81.99
381.096	81.6583
382.309	82.4824
383.522	84.5025
384.736	87.1357
385.948	92.4724
387.16	95.5377
388.372	96.0704
389.584	96.8543
390.796	96.4522
392.007	94.9145
393.217	94.1608
394.428	94.1407
395.637	93.799
396.848	93.4372
398.057	93.7286
399.266	93.6583
400.474	94.5427
401.683	97.6784
402.891	100.804
404.099	106.623
405.306	106.131
406.513	104.573
407.72	99.1759
408.926	93.598
410.133	87.9699
411.339	86.6834
412.544	86.3618
413.749	88.5729
414.954	90.392
416.159	92.0402
417.363	95.206
418.566	97.0352
419.77	99.1859
420.974	100.171
422.177	103.196
423.379	104.392
424.582	106.221
425.784	109.307
426.985	113.387
428.187	116.563
429.388	120.161
430.589	123.849
431.789	126.854
432.989	128.543
434.188	127.668
435.388	128.201
436.587	126.291
437.786	124.402
438.984	121.015
440.182	114.925
441.38	110.864
442.578	105.628
443.775	102
444.972	99.2965
446.168	97.2764
447.365	94.412
448.561	93.3769
449.756	93.2362
450.952	92.1106
452.147	91.799
453.341	94.7638
454.536	96.0603
455.729	99.206
456.923	102.03
458.117	106.06
459.309	111.025
460.503	119.106
461.695	125.528
462.886	135.307
464.078	149.357
465.269	164.573
466.461	184.121
467.652	206.131
468.842	231.085
470.033	253.708
471.222	278.231
472.412	296.683
473.601	310.191
474.79	313.518
475.978	305.709
477.167	291.688
478.355	269.829
479.542	244.432
480.729	220.382
481.916	200.151
483.103	181.176
484.289	168.623
485.475	155.377
486.661	146.553
487.846	139.317
489.031	130.854
490.216	124.834
491.401	118.201
492.585	111.789
493.769	107.568
494.952	104.251
496.135	102.442
497.318	99.0151
498.501	98.7035
499.683	98.8442
500.865	100.211
502.046	100.231
503.228	100.442
504.409	100.673
505.589	99.4372
506.769	97.7488
507.95	96.4623
509.129	94.4221
510.308	91.8191
511.487	91.0754
512.666	91.3669
513.844	92.2613
515.022	91.4071
516.2	91.7287
517.378	91.186
518.555	89.608
519.732	86.9749
520.908	85.3467
522.084	85.0553
523.26	82.794
524.435	82.2111
525.611	80.191
526.786	79.9497
527.96	77.8794
529.135	79.3869
530.308	78.8342
531.482	77.9297
532.655	77.5779
533.829	77.6784
535.001	76.2513
536.173	75.196
537.345	74.2111
538.517	71.8693
539.689	71.5879
540.86	70.4422
542.031	68.6834
543.201	67.0653
544.372	66.3116
545.541	66.4925
546.71	65.4774
547.879	65.005
549.048	64.8744
550.217	65.3065
551.385	66.4322
552.553	66.2915
553.721	66.8342
554.888	69.0653
556.056	70.5628
557.222	72.1307
558.388	74.9347
559.554	77.0151
560.72	80.1909
561.885	82.5327
563.05	84.9648
564.215	88.4422
565.38	91.8593
566.544	94.603
567.708	96.0603
568.871	97.0754
570.034	97.6281
571.197	96.2613
572.36	95.4774
573.522	92.9146
574.684	89.2864
575.846	88.7638
577.007	88.0905
578.168	84.7236
579.329	82.6533
580.49	81.5377
581.65	81.9297
582.809	81.3166
583.969	81.5276
585.128	80.4724
586.287	81.1256
587.445	79.8291
588.603	78.9045
589.761	77.3869
590.919	76.0201
592.076	74.995
593.233	74.3719
594.389	74.9146
595.546	74.1507
596.702	73.8291
597.858	74
599.012	72.7739
600.168	71.2362
601.322	71.9196
602.477	70.794
603.631	69.3166
604.785	69.0151
605.938	67.2161
607.091	65.2261
608.244	65.2462
609.396	62.9749
610.549	62.7437
611.7	61.3769
612.852	60.8141
614.003	59.598
615.154	58.8643
616.305	58.4221
617.455	58.3216
618.605	58.6332
619.755	58.6734
620.905	57.598
622.054	57.6281
623.202	59.608
624.351	58.9548
625.499	59.7889
626.647	61.7588
627.794	61.7588
628.942	61.8191
630.089	62.6834
631.235	60.9246
632.381	61.1357
633.528	60.8744
634.673	61.0653
635.818	61.1859
636.963	61.4874
638.108	62.3417
639.252	62.4121
640.396	62.8342
641.54	62.7035
642.683	63.3869
643.827	63.2362
644.969	62.6834
646.112	62.5226
647.254	62.2513
648.396	62.3417
649.538	60.6734
650.679	61.3367
651.82	59.7588
652.961	59.206
654.101	58.5327
655.241	58.1608
656.38	57.9698
657.52	57.6483
658.659	56.794
659.798	56.4221
660.937	56.4724
662.074	55.0251
663.212	55.5678
664.35	55.3467
665.487	55.5276
666.624	55.8392
667.761	55.4673
668.897	56.1407
670.033	55.0854
671.169	54.8342
672.304	54.3417
673.439	54.1407
674.574	54.7437
675.708	54.3618
676.843	53.1759
677.976	54.3417
679.11	53.7789
680.243	53.6884
681.376	53.5377
682.508	54.5025
683.64	54.6231
684.772	54.794
685.904	54.804
687.036	55.0854
688.166	56.3216
689.297	57.6382
690.427	58.4121
691.557	59.9296
692.687	61.4271
693.817	62.5427
694.946	64.6533
696.075	66.0603
697.203	67.5075
698.331	67.6884
699.46	67.8091
700.587	66.2111
701.715	64.6633
702.841	63.6281
703.968	62.3116
705.095	60.7739
706.22	59.5779
707.346	57.7487
708.472	58.3317
709.597	56.9447
710.721	56.1909
711.846	56.593
712.97	55.4975
714.094	55.0854
715.218	54.5226
716.341	54.8442
717.464	53.9698
718.586	54.3618
719.709	54.2412
720.831	54.7236
721.953	54.1508
723.074	54.2513
724.195	53.8392
725.316	53.0754
726.436	53.5276
727.557	52.794
728.676	52.7437
729.796	52.7136
730.915	52.3316
732.034	52.7739
733.153	53.1457
734.271	52.3719
735.389	53.1256
736.506	53.7387
737.624	53.3668
738.741	54.804
739.858	56.0804
740.974	57.8392
742.091	59.4673
743.207	61.9196
744.322	63.8794
745.438	65.0452
746.552	65.8091
747.667	66.1105
748.781	65.4372
749.895	64.0503
751.009	62.7236
752.123	60.5829
753.235	60.4121
754.348	59.4573
755.46	58.4321
756.573	56.8744
757.685	56.4623
758.796	55.5578
759.907	53.4372
761.018	53.4573
762.129	53.206
763.24	53.1055
764.349	53.6784
765.46	54.5528
766.569	55.2864
767.678	56.2714
768.786	56.6332
769.895	56.8744
771.003	56.8241
772.111	56.6834
773.218	56.1809
774.326	55.4372
775.432	54.5226
776.54	53.206
777.646	53.7789
778.752	53.2462
779.858	52.8744
780.963	53.2161
782.068	53.4473
783.173	53.6985
784.277	54.2613
785.382	53.5377
786.485	53.2663
787.589	54.2111
788.692	52.9548
789.795	51.8794
790.898	52.8241
792	52.603
793.102	51.8694
794.204	51.6784
795.306	51.3668
796.407	51.2462
797.508	51.1759
798.608	51.0754
799.708	51.0553
800.808	51.4573
801.908	51.5276
803.007	50.9246
804.106	51.4272
805.205	51.2764
806.303	52
807.401	52.0302
808.499	52.6332
809.597	53.0854
810.693	52.8643
811.791	53.7688
812.887	53.6683
813.983	55.1357
815.079	54.8141
816.175	55.8593
817.27	56.593
818.365	57.1658
819.46	57.2462
820.555	57.9799
821.648	59.6181
822.742	59.6181
823.836	61.2663
824.929	61.7085
826.022	62.6432
827.114	63.8493
828.206	67.4673
829.299	68.7337
830.39	72.201
831.482	73.6382
832.573	76.995
833.663	82.0201
834.754	86.7337
835.844	89.0251
836.934	90.593
838.023	91.7688
839.113	90.3015
840.202	89.3568
841.291	88.1508
842.379	90.0402
843.467	88.5929
844.555	90.7236
845.642	91.1156
846.729	92.9648
847.816	95.4472
848.902	96.6231
849.988	98.0603
851.075	99.7487
852.16	101.116
853.246	100.804
854.33	101.126
855.415	101.598
856.5	101.638
857.583	101.337
858.667	99.005
859.751	94.01
860.834	89.5879
861.917	82.5829
863	75.7588
864.081	71.2663
865.164	67.3065
866.245	64.2211
867.327	61.5578
868.408	60.5729
869.488	58.6231
870.569	57.0653
871.649	56.8945
872.729	56.1608
873.808	54.6231
874.888	54.7035
875.967	53.9799
877.045	53.809
878.123	54.392
879.201	54.5829
880.279	54.8945
881.357	54.8945
882.434	55.2161
883.511	55.5176
884.588	55.8593
885.664	55.8493
886.74	56.5126
887.815	56.1105
888.891	56.0904
889.966	56.8744
891.04	56.9548
892.115	58.4121
893.189	59.2864
894.262	60.603
895.336	63.2462
896.409	64.2312
897.482	68.2513
898.555	69.0352
899.627	71.6784
900.699	71.9698
901.771	73.799
902.842	74.6633
903.913	76.6331
904.984	76.4422
906.055	75.4372
907.125	74.5126
908.194	73.6382
909.264	72.1608
910.333	70.9347
911.402	70.6432
912.471	70.5427
913.539	71.9497
914.607	73.4874
915.675	76.5326
916.743	79.196
917.81	83.5578
918.877	87.5879
919.944	90.7136
921.01	92.2814
922.076	92.5628
923.142	92.6131
924.207	94.0603
925.272	91.8291
926.337	93.0553
927.401	91.2362
928.465	89.8292
929.529	89.005
930.593	88.6533
931.656	86.9849
932.719	86.3216
933.781	85.7286
934.844	86.8543
935.906	89.6382
936.968	91.3467
938.029	93.8894
939.09	95.6382
940.151	94.201
941.212	91.4472
942.273	85.9699
943.332	79.5478
944.392	73.1759
945.451	68.5427
946.511	64.5829
947.569	60.5528
948.628	56.8241
949.686	55.6382
950.744	54.4523
951.802	52.8543
952.859	51.6884
953.916	50.9648
954.972	50.5125
956.029	49.9095
957.085	49.7688
958.141	49.7688
959.196	48.603
960.252	48.9347
961.307	49.2563
962.361	49.397
963.416	49.2161
964.47	49.9095
965.523	48.8141
966.576	49.2663
967.63	49.1156
968.683	49.2764
969.735	49.0352
970.787	50.392
971.839	49.7085
972.891	49.0151
973.942	49.7487
974.993	50.1407
976.044	50.4121
977.094	51.1759
978.144	51.7186
979.194	51.5678
980.244	52.1407
981.293	52.804
982.342	53.1156
983.391	53.5176
984.439	55.8191
985.487	56.0904
986.535	58.0101
987.582	58.4723
988.63	59.9296
989.676	61.0955
990.723	62.4422
991.769	62.9648
992.815	64.9246
993.861	65.0452
994.906	65.4874
995.951	65.2362
996.996	65.407
998.04	65.598
999.085	65.3869
1000.13	64.6231
1001.17	64.7739
1002.22	63.8593
1003.26	63.5578
1004.3	62.9045
1005.34	63.6382
1006.39	62.9347
1007.43	64.3317
1008.47	64.4824
1009.51	63.6683
1010.55	64.6633
1011.59	65.0452
1012.63	67.1859
1013.67	66.9548
1014.71	68.804
1015.75	69.0955
1016.79	70.1608
1017.83	71.3266
1018.87	71.9498
1019.91	73.0452
1020.94	73.6181
1021.98	74.9849
1023.02	77.0051
1024.06	78.2412
1025.09	79.6885
1026.13	80.1407
1027.17	80.5226
1028.2	82.2814
1029.24	82.603
1030.27	82.3719
1031.31	83.3869
1032.34	82.1206
1033.38	83.0452
1034.41	83.3065
1035.44	83.8392
1036.48	83.6884
1037.51	84
1038.54	85.4171
1039.58	85.6884
1040.61	87.4271
1041.64	86.8844
1042.67	87.2061
1043.7	86.4523
1044.74	86.3618
1045.77	86.603
1046.8	85.6583
1047.83	84.5126
1048.86	84.0703
1049.89	82.8945
1050.92	81.8493
1051.95	81.0151
1052.97	80.7638
1054	80.5729
1055.03	78.1507
1056.06	77.6784
1057.09	76.2915
1058.11	74.9648
1059.14	74.2613
1060.17	73.4171
1061.19	73.1156
1062.22	73.5578
1063.25	74.2915
1064.27	75.3568
1065.3	78.7035
1066.32	82.603
1067.35	85.0855
1068.37	88.7839
1069.4	92.2412
1070.42	95.9095
1071.44	97.3267
1072.47	98.4824
1073.49	98.5628
1074.51	98.9447
1075.53	99.8794
1076.56	99.1156
1077.58	99.3668
1078.6	100.251
1079.62	99.005
1080.64	98.2814
1081.66	98.2814
1082.68	96.5126
1083.7	96.4322
1084.72	93.9498
1085.74	93.5477
1086.76	92.5126
1087.78	92.392
1088.8	90.7538
1089.82	91.598
1090.83	92.191
1091.85	94.2613
1092.87	96.5628
1093.89	98.3618
1094.9	102.613
1095.92	106.694
1096.94	110.925
1097.95	115.337
1098.97	118.402
1099.98	122.342
1101	123.759
1102.01	125.005
1103.03	125.015
1104.04	125.588
1105.06	122.623
1106.07	122.442
1107.08	120.985
1108.09	118.322
1109.11	118.111
1110.12	118.352
1111.13	115.709
1112.14	115.075
1113.16	114.131
1114.17	113.789
1115.18	112.583
1116.19	112.271
1117.2	109.447
1118.21	108.432
1119.22	107.628
1120.23	107.075
1121.24	104.804
1122.25	104.452
1123.25	102.985
1124.26	102.593
1125.27	103.779
1126.28	102.312
1127.29	102.382
1128.29	102.884
1129.3	104.161
1130.31	104.131
1131.31	104.563
1132.32	104.422
1133.32	105.457
1134.33	105.697
1135.34	105.018
1136.34	104.042
1137.34	104.328
1138.35	102.483
1139.35	101.684
1140.36	100.471
1141.36	99.5754
1142.36	97.4613
1143.37	96.5023
1144.37	96.1872
1145.37	94.3813
1146.37	92.935
1147.37	94.2761
1148.38	93.1824
1149.38	92.8169
1150.38	92.4293
1151.38	90.8374
1152.38	90.1746
1153.38	88.8344
1154.38	86.5332
1155.38	86.1649
1156.38	83.9542
1157.37	81.6069
1158.37	78.6038
1159.37	75.5982
1160.37	72.629
1161.37	69.9756
1162.36	67.5241
1163.36	65.4259
1164.36	63.3921
1165.35	61.9359
1166.35	60.9101
1167.35	59.8376
1168.34	59.6851
1169.34	59.0063
1170.33	58.6271
1171.33	58.8054
1172.32	58.2682
1173.32	58.2536
1174.31	58.0683
1175.3	58.2441
1176.3	57.7021
1177.29	58.1551
1178.28	57.9065
1179.27	58.0407
1180.27	58.5672
1181.26	59.3575
1182.25	58.9277
1183.24	59.5374
1184.23	60.0609
1185.22	60.1218
1186.21	60.7756
1187.2	61.2233
1188.19	61.8385
1189.18	62.2111
1190.17	62.6824
1191.16	63.6143
1192.15	64.2435
1193.14	64.6534
1194.12	65.1671
1195.11	65.7276
1196.1	66.6847
1197.09	66.2886
1198.07	66.5698
1199.06	67.0612
1200.05	67.0753
1201.03	67.071
1202.02	67.8441
1203	67.1037
1203.99	66.9793
1204.97	67.4612
1205.96	67.8519
1206.94	68.2472
1207.93	68.6437
1208.91	69.0931
1209.89	69.4394
1210.88	69.8499
1211.86	70.548
1212.84	71.1264
1213.83	71.514
1214.81	72.7896
1215.79	73.5686
1216.77	74.3219
1217.75	75.3914
1218.73	76.0767
1219.71	77.7114
1220.69	77.9405
1221.67	78.5443
1222.65	79.3877
1223.63	80.3684
1224.61	80.5809
1225.59	80.6009
1226.57	80.6833
1227.55	80.4075
1228.53	80.7144
1229.5	80.8869
1230.48	81.5478
1231.46	82.2091
1232.44	82.4662
1233.41	82.3291
1234.39	83.3367
1235.36	84.5198
1236.34	84.9734
1237.32	85.8078
1238.29	86.5244
1238.94	86.2915
1239.95	87.2261
1240.97	87.0854
1241.98	87.7286
1242.99	86.9246
1244	87.1055
1245.01	87.3166
1246.02	86.9849
1247.04	86.9045
1248.05	86.1005
1249.06	86.6131
1250.07	86.1809
1251.08	87.3166
1252.09	86.3015
1253.1	85.8895
1254.11	87.7286
1255.12	92.6131
1256.12	93.8291
1257.13	93.7186
1258.14	92.0603
1259.15	89.2663
1260.16	83.5779
1261.16	81.5276
1262.17	81.0955
1263.18	80.3015
1264.19	79.397
1265.19	77.8392
1266.2	77.9397
1267.21	76.3518
1268.21	75.5578
1269.22	75.7387
1270.22	76.3015
1271.23	74.5628
1272.23	74.8744
1273.24	74.0503
1274.24	74.3116
1275.24	74.6231
1276.25	73.7186
1277.25	74.1708
1278.26	74.6633
1279.26	73.4673
1280.26	74.1206
1281.26	73.8593
1282.27	74.2513
1283.27	74.7638
1284.27	75.7286
1285.27	76.3518
1286.27	76.1708
1287.27	76.3115
1288.27	76.8844
1289.27	78.3317
1290.28	79.2361
1291.28	80.6332
1292.28	81.1357
1293.27	81.99
1294.27	82.7537
1295.27	83.1759
1296.27	82.8744
1297.27	84.0703
1298.27	83.9598
1299.27	84.9849
1300.26	84.5226
1301.26	85.2462
1302.26	84.6532
1303.26	85.4674
1304.25	85.7688
1305.25	87.1759
1306.25	88.7236
1307.24	90.5729
1308.24	93.0653
1309.23	97.5578
1310.23	99.5678
1311.22	101.668
1312.22	103.889
1313.21	105.538
1314.21	106.683
1315.2	107.116
1316.19	107.296
1317.19	108.965
1318.18	109.236
1319.17	109.146
1320.17	110.884
1321.16	110.472
1322.15	109.538
1323.14	110.121
1324.14	109.347
1325.13	108.975
1326.12	110.1
1327.11	109.95
1328.1	111.749
1329.09	112.211
1330.08	113.065
1331.07	112.884
1332.06	113.749
1333.05	113.789
1334.04	113.487
1335.03	112.894
1336.02	111.467
1337.01	109.588
1337.99	108.281
1338.98	106.673
1339.97	107.025
1340.96	105.156
1341.94	103.377
1342.93	102.683
1343.92	101.508
1344.91	100.271
1345.89	99.1658
1346.88	98.4422
1347.86	97.7487
1348.85	97.397
1349.83	96.5628
1350.82	96.6331
1351.8	95.015
1352.79	96.4221
1353.77	94.2814
1354.76	94.804
1355.74	94.2814
1356.72	93.5779
1357.71	94.7236
1358.69	95.5477
1359.67	95.2965
1360.66	95.4774
1361.64	96.5628
1362.62	96.6332
1363.6	95.7387
1364.58	96.3216
1365.56	95.7588
1366.54	96.9045
1367.53	95.5678
1368.51	95.9397
1369.49	95.8794
1370.47	94.7237
1371.45	95.5678
1372.43	96.8241
1373.41	97.1256
1374.38	97.608
1375.36	99.809
1376.34	101.598
1377.32	102.482
1378.3	103.035
1379.28	103.327
1380.25	102.543
1381.23	101.729
1382.21	100.985
1383.18	100.492
1384.16	100.513
1385.14	99.9799
1386.11	99.0151
1387.09	97.9598
1388.06	98.0302
1389.04	96.9749
1390.02	95.2161
1390.99	94.9447
1391.96	94.392
1392.94	94.0201
1393.91	93.1055
1394.89	92.5628
1395.86	92.8442
1396.83	91.9397
1397.81	90.8141
1398.78	90.7537
1399.75	90.1507
1400.72	91.196
1401.7	89.4874
1402.67	87.8895
1403.64	85.8995
1404.61	85.2462
1405.58	85.8493
1406.55	83.7588
1407.52	83.6985
1408.49	82.4422
1409.46	81.0653
1410.43	79.407
1411.4	79.5578
1412.37	78.3015
1413.34	77.0653
1414.31	76
1415.28	76.804
1416.25	75.3769
1417.22	74.2814
1418.18	73.8794
1419.15	73.397
1420.12	73.0754
1421.09	72.7839
1422.05	71.8191
1423.02	71.0452
1423.99	71.3467
1424.95	72.01
1425.92	70.7537
1426.88	70.3216
1427.85	69.99
1428.81	71.1357
1429.78	69.2864
1430.74	69.1558
1431.71	68.6834
1432.67	70.0804
1433.64	70.01
1434.6	70.0603
1435.56	70.8342
1436.53	70.211
1437.49	71.5477
1438.45	75.3568
1439.41	75.0352
1440.38	74.4824
1441.34	76.6733
1442.3	79.6382
1443.26	79.1357
1444.22	81.2965
1445.18	81.0251
1446.14	81.2663
1447.1	82.402
1448.06	82.3618
1449.02	83.2161
1449.98	82.5628
1450.94	82.9447
1451.9	82.8543
1452.86	82.5126
1453.82	82.7136
1454.78	80.4422
1455.74	81.005
1456.7	79.9095
1457.65	78.6935
1458.61	77.4774
1459.57	77.1256
1460.52	76.7136
1461.48	76.9347
1462.44	76.5226
1463.39	76.392
1464.35	75.2161
1465.31	77.0553
1466.26	74.8844
1467.22	74.3819
1468.17	73.196
1469.13	71.8693
1470.08	71.8291
1471.04	67.5477
1471.99	64.8744
1472.94	63.7487
1473.9	63.598
1474.85	62.392
1475.8	60.1005
1476.76	59.6884
1477.71	58.8643
1478.66	59.8392
1479.61	58.7136
1480.56	58.201
1481.52	57.8593
1482.47	57.1256
1483.42	57.8894
1484.37	58.2915
1485.32	56.9447
1486.27	56.593
1487.22	57.0452
1488.17	58.392
1489.12	56.7739
1490.07	55.7086
1491.02	56.2312
1491.97	55.6583
1492.92	56.6432
1493.86	56.4623
1494.81	56.1608
1495.76	55.7085
1496.71	55.9397
1497.65	56.8241
1498.6	55.9296
1499.55	56.0201
1500.5	55.6683
1501.44	55.9598
1502.39	56.2714
1503.33	55.6784
1504.28	56.3719
1505.22	55.4673
1506.17	56.0603
1507.12	56.4121
1508.06	55.0151
1509	56.2111
1509.95	56.4322
1510.89	54.4623
1511.84	55.6382
1512.78	54.9246
1513.72	55.6382
1514.67	55.5578
1515.61	54.4121
1516.55	55.0352
1517.49	55.0151
1518.43	55.1658
1519.38	54.4322
1520.32	54.8241
1521.26	54.7437
1522.2	55.1458
1523.14	55.3065
1524.08	54.995
1525.02	54.5427
1525.96	55.0653
1526.9	54.9246
1527.84	55.7889
1528.78	54.3015
1529.72	54.5327
1530.66	55.4774
1531.6	56.0201
1532.53	54.9749
1533.47	55.1558
1534.41	54.3015
1535.35	55.809
1536.29	54.7538
1537.22	54.0301
1538.16	54.3015
1539.1	54.8945
1540.03	54.2714
1540.97	54.6332
1541.9	54.3518
1542.84	54.7638
1543.78	54.8744
1544.71	53.5879
1545.65	54.603
1546.58	54.0904
1547.51	54.2312
1548.45	53.799
1549.38	54.191
1550.32	53.598
1551.25	54.7236
1552.18	54.7739
1553.12	54.0603
1554.05	53.9799
1554.98	53.8191
1555.91	54.0905
1556.85	54.1709
1557.78	53.9196
1558.71	53.4573
1559.64	53.9196
1560.57	53.6684
1561.5	53.1256
1562.43	54.0402
1563.36	53.0754
1564.29	52.995
1565.22	53.2362
1566.15	53.0754
1567.08	53.2864
1568.01	53.4874
1568.94	53.4975
1569.87	53.598
1570.8	53.196
1571.72	52.8342
1572.65	52.794
1573.58	52.6935
1574.51	53.2764
1575.43	53.1658
1576.36	52.4322
1577.29	52.9347
1578.21	52.9548
1579.14	54.201
1580.06	53.0754
1580.99	52.2111
1581.91	52.9045
1582.84	53.7588
1583.76	53.1156
1584.69	52.0804
1585.61	52.2814
1586.54	52.4523
1587.46	53.0251
1588.39	51.9598
1589.31	52.6432
1590.23	52.0302
1591.16	51.9598
1592.08	52.1809
1593	51.9799
1593.92	52.7437
1594.84	52.392
1595.77	50.8844
1596.69	51.6281
1597.61	52.1507
1598.53	51.6482
1599.45	51.9799
1600.37	50.8141
1601.29	51.9498
1602.21	52.4322
1603.13	52.2211
1604.05	51.0653
1604.97	52.1608
1605.89	51.7487
1606.81	51.7286
1607.73	51.8392
1608.64	51.6382
1609.56	51.1759
1610.48	50.7839
1611.4	51.3166
1612.32	51.1859
1613.23	51.2462
1614.15	51.0854
1615.07	51.1055
1615.98	51.2865
1616.9	51.3367
1617.82	51.1658
1618.73	50.995
1619.65	50.6231
1620.56	50.2412
1621.48	50.6131
1622.39	50.9749
1623.3	50.1709
1624.22	50.603
1625.13	50.8141
1626.05	50.8844
1626.96	50.4925
1627.87	50.8442
1628.79	50.6734
1629.7	51.1558
1630.61	50.9146
1631.52	49.8492
1632.44	50.7136
1633.35	50.9347
1634.26	50.0804
1635.17	50.4221
1636.08	50.6834
1636.99	49.6583
1637.9	50.2714
1638.81	49.8191
1639.72	49.608
1640.63	49.9899
1641.54	50.7437
1642.45	50.4724
1643.36	49.9498
1644.27	49.5578
1645.18	49.0754
1646.09	49.2965
1647	49.9096
1647.9	49.4975
1648.81	49.4874
1649.72	50.0302
1650.63	50.1005
1651.53	48.8744
1652.44	49.99
1653.35	49.8895
1654.25	48.5327
1655.16	49.0251
1656.06	49.6382
1656.97	48.4824
1657.87	49.5276
1658.78	49.588
1659.68	48.9548
1660.59	48.8744
1661.49	49.005
1662.4	48.6734
1663.3	48.6533
1664.2	48.4925
1665.11	47.9196
1666.01	48.2814
1666.91	49.2864
1667.82	48.1005
1668.72	48.7337
1669.62	47.608
1670.52	48.3517
1671.42	47.7789
1672.33	48.0101
1673.23	47.8894
1674.13	48.9849
1675.03	48.3417
1675.93	47.1759
1676.83	47.8291
1677.73	47.6282
1678.63	47.8593
1679.53	47.7085
1680.43	47.0955
1681.33	48.0904
1682.22	47.4573
1683.12	48.0905
1684.02	48.0402
1684.92	47.4975
1685.82	47.8693
1686.71	47.3869
1687.61	47.8995
1688.51	47.809
1689.41	47.2663
1690.3	47.5478
1691.2	47.0151
1692.1	47.005
1692.99	46.8141
1693.89	47.196
1694.78	46.7035
1695.68	47.6583
1696.57	47.1357
1697.47	46.2613
1698.36	46.2312
1699.26	47.3467
1700.15	47.3869
1701.04	47.1558
1701.94	46.7035
1702.83	46.5829
1703.72	47.397
1704.62	46.9648
1705.51	46.7437
1706.4	46.8643
1707.29	46.7538
1708.18	46.4724
1709.08	46.8543
1709.97	46.8945
1710.86	46.5226
1711.75	46.0201
1712.64	46.1407
1713.53	45.6985
1714.42	45.7688
1715.31	45.8593
1716.2	46.402
1717.09	45.6081
1717.98	46.2211
1718.87	45.3467
1719.76	45.5678
1720.64	45.6181
1721.53	45.2362
1722.42	45.1859
1723.31	45.397
1724.19	45.9699
1725.08	46.2613
1725.97	46.0603
1726.86	45.9698
1727.74	45.5176
1728.63	46.1708
1729.52	45.4874
1730.4	45.8995
1731.29	46.1005
1732.17	45.8191
1733.06	45.1256
1733.94	44.9146
1734.83	45.8191
1735.71	45.6382
1736.59	44.9749
1737.48	44.9146
1738.36	44.5327
1739.25	45.0251
1740.13	44.9347
1741.01	44.3819
1741.89	44.2814
1742.78	44.2915
1743.66	44.7337
1744.54	44.5729
1745.42	45.1759
1746.3	44.8342
1747.19	44.1005
1748.07	45.0452
1748.95	44.6231
1749.83	44.2814
1750.71	44.6533
1751.59	43.9497
1752.47	44.794
1753.35	44.3317
1754.23	44.3417
1755.11	44.6131
1755.98	44.201
1756.86	44.603
1757.74	44.2713
1758.62	44.3518
1759.5	43.9297
1760.38	43.5477
1761.25	44.0603
1762.13	43.6583
1763.01	43.7086
1763.88	44.3417
1764.76	43.5678
1765.64	43.8693
1766.51	44.5427
1767.39	46.0603
1768.26	46.2512
1769.14	46.2915
1770.01	45.5578
1770.89	44.5226
1771.76	43.6985
1772.64	43.1457
1773.51	42.794
1774.39	42.9347
1775.26	43.0251
1776.13	43.407
1777.01	43.0553
1777.88	43.4673
1778.75	43.1658
1779.62	42.9045
1780.5	42.3015
1781.37	43.0553
1782.24	43.1357
1783.11	43.6482
1783.98	42.9246
1784.85	42.3719
1785.72	43.0151
1786.59	42.7638
1787.47	42.4623
1788.34	42.6935
1789.21	42.1407
1790.07	42.8442
1790.94	42.9648
1791.81	42.7136
1792.68	42.603
1793.55	42.9347
1794.42	43.1658
1795.29	42.7839
1796.16	42.2814
1797.02	42.8141
1797.89	42.5427
1798.76	42.3518
1799.63	42.0503
1800.49	42.3115
1801.36	42.5427
1802.22	42.7638
1803.09	42.4322
1803.96	42.191
1804.82	41.789
1805.69	42.5327
1806.55	42.0804
1807.42	42.4724
1808.28	42.4523
1809.15	42.201
1810.01	42.1106
1810.87	42.4724
1811.74	42.2814
1812.6	41.9497
1813.46	42.1206
1814.33	41.7487
1815.19	42.2814
1816.05	42.2111
1816.92	42.0402
1817.78	41.5578
1818.64	41.6784
1819.5	41.7588
1820.36	41.8091
1821.22	41.6784
1822.08	41.5477
1822.94	41.7487
1823.8	41.0452
1824.66	41.8794
1825.52	40.9648
1826.38	41.7085
1827.24	41.2663
1828.1	41.3367
1828.96	41.5779
1829.82	41.4171
1830.68	41.0955
1831.54	41.4473
1832.4	41.1256
1833.25	40.9548
1834.11	41.2161
1834.97	41.0553
1835.82	41.5779
1836.68	41.6382
1837.54	40.9146
1838.39	41.206
1839.25	41.2864
1840.11	40.5327
1840.96	40.5628
1841.82	41.005
1842.67	41.5176
1843.53	41.1156
1844.38	41.1658
1845.24	40.6633
1846.09	40.7638
1846.95	41.4271
1847.8	41.8995
1848.65	40.5226
1849.51	41.3065
1850.36	40.8945
1851.21	40.603
1852.06	41.196
1852.92	40.7839
1853.77	40.3819
1854.62	40.7739
1855.47	40.9849
1856.32	40.6734
1857.17	40.6131
1858.03	40.6432
1858.88	40.7337
1859.73	40.5327
1860.58	41.1759
1861.43	41.206
1862.28	40.6432
1863.13	41.0754
1863.98	40.6332
1864.82	40.5125
1865.67	40.5226
1866.52	40.3116
1867.37	40.0603
1868.22	40.7337
1869.07	40.7035
1869.91	40.9246
1870.76	41.598
1871.61	40.1708
1872.46	41.0754
1873.3	40.4422
1874.15	40
1875	40.3216
1875.84	40.6633
1876.69	39.7688
1877.53	40.8141
1878.38	41.1357
1879.22	40.4121
1880.07	40.5528
1880.91	40.402
1881.76	40.4623
1882.6	39.99
1883.44	40.3719
1884.29	39.6985
1885.13	40.6332
1885.97	40.0905
1886.82	40.402
1887.66	40.402
1888.5	40.6533
1889.35	40.9648
1890.19	40.4925
1891.03	40.5226
1891.87	40.6131
1892.71	39.7789
1893.55	40.0904
1894.39	39.7286
1895.23	40.0502
1896.08	40.1307
1896.92	40.191
1897.76	39.9698
1898.59	40.191
1899.43	40.3115
1900.27	39.8291
1901.11	40.3719
1901.95	39.4171
1902.79	40.2111
1903.63	40.1005
1904.47	40.1508
1905.3	39.9095
1906.14	39.7487
1906.98	39.3467
1907.82	40.0101
1908.65	39.9598
1909.49	39.4975
1910.33	39.6985
1911.16	39.7085
1912	39.7487
1912.83	39.4171
1913.67	39.4271
1914.5	39.9296
1915.34	39.2663
1916.17	39.6985
1917.01	39.6885
1917.84	39.6181
1918.68	39.3668
1919.51	39.7488
1920.34	39.3367
1921.18	39.7889
1922.01	39.6884
1922.84	39.2864
1923.68	39.397
1924.51	38.9849
1925.34	39.3568
1926.17	38.7136
1927.01	39.5678
1927.84	38.995
1928.67	38.9849
1929.5	38.8744
1930.33	38.9045
1931.16	39.3467
1931.99	38.7437
1932.82	39.6683
1933.65	38.8643
1934.48	39.0151
1935.31	39.1156
1936.14	39.2563
1936.97	38.8643
1937.8	39.206
1938.63	38.9045
1939.45	40.1708
1940.28	38.6231
1941.11	38.6231
1941.94	39.2462
1942.76	39.0955
1943.59	38.5628
1944.42	38.5628
1945.25	39.0653
1946.07	38.9347
1946.9	38.9548
1947.72	38.8744
1948.55	39.0151
1949.37	38.7337
1950.2	38.7236
1951.02	38.7337
1951.85	38.5628
1952.67	39.2161
1953.5	38.4121
1954.32	39.2864
1955.15	38.8643
1955.97	38.9146
1956.79	38.3718
1957.62	38.6734
1958.44	38.9749
1959.26	38.2814
1960.08	38.2111
1960.91	38.3216
1961.73	38.4221
1962.55	38.3517
1963.37	38.5528
1964.19	38.3819
1965.01	38.8141
1965.84	38.6432
1966.66	38.2814
1967.48	38.5226
1968.3	38.6935
1969.12	37.7789
1969.94	38.6131
1970.76	38.211
1971.57	38.3116
1972.39	38.3455
1973.21	38.0133
1974.03	38.4787
1974.85	38.4834
1975.67	38.6234
1976.49	38.5369
1977.3	38.5647
1978.12	38.4035
1978.94	38.6036
1979.75	38.8553
1980.57	38.4263
1981.39	38.5576
1982.2	38.2163
1983.02	38.2848
1983.84	38.2202
1984.65	38.6828
1985.47	38.4343
1986.28	38.4189
1987.1	37.8044
1987.91	38.1122
1988.73	38.592
1989.54	38.5266
1990.35	38.2105
1991.17	38.5116
1991.98	38.1221
1992.79	38.1258
1993.61	37.7337
1994.42	38.179
1995.23	38.2475
1996.04	37.9419
1996.86	38.4128
1997.67	37.7629
1998.48	38.1123
1999.29	37.6217
2000.1	37.8284
2000.91	37.9549
2001.72	37.9258
2002.53	38.0491
2003.34	37.6727
2004.15	38.1778
2004.96	37.7427
2005.77	37.4234
2006.58	37.9714
2007.39	37.5564
2008.2	37.9251
2009.01	37.9901
2009.82	37.6001
2010.63	37.6047
2011.43	37.7955
2012.24	37.7709
2013.05	37.6374
2013.86	37.7284
2014.66	37.676
2015.47	37.5451
2016.28	37.6633
2017.08	37.9123
2017.89	37.7807
2018.7	37.4873
2019.5	37.5284
2020.31	37.7173
2021.11	37.973
2021.92	37.7513
2022.72	37.3781
2023.53	37.2468
2024.33	38.0065
2025.13	37.5713
2025.94	37.274
2026.74	37.6759
2027.54	37.2834
2028.35	37.2325
2029.15	37.6862
2029.95	37.7993
2030.76	37.5678
2031.56	37.9643
2032.36	37.6723
2033.16	37.4536
2033.96	37.3739
2034.76	37.532
2035.57	37.5212
2036.37	37.4013
2037.17	37.3615
2037.97	37.4699
2038.77	37.4816
2039.57	37.4975
2040.37	37.3528
2041.17	37.4178
2041.96	37.5189
2042.76	37.2894
2043.56	37.7597
2044.36	37.728
2045.16	37.2558
2045.96	36.6752
2046.76	37.5082
2047.55	37.4341
2048.35	37.4193
2049.15	37.275
2049.94	37.2377
2050.74	37.4202
2051.54	37.5005
2052.33	37.4542
2053.13	37.2788
2053.93	37.287
2054.72	37.3193
2055.52	37.1638
2056.31	37.2066
2057.11	37.6885
2057.66	38.1407
2058.5	37.3266
2059.33	36.8241
2060.16	37.2462
2060.99	37.3065
2061.82	37.7286
2062.65	37.8392
2063.49	37.5879
2064.32	37.3869
2065.15	37.7789
2065.98	37.3367
2066.81	37.0151
2067.64	37.9095
2068.47	37.3467
2069.3	37.7789
2070.13	37.0653
2070.96	37.4673
2071.79	37.7186
2072.61	37.1055
2073.44	37.2362
2074.27	37.0754
2075.1	37.6683
2075.93	37.206
2076.76	37.4874
2077.58	36.6834
2078.41	37.598
2079.24	37.3568
2080.07	37.6181
2080.89	36.7136
2081.72	36.7839
2082.55	37.2362
2083.37	37.4171
2084.2	37.6784
2085.03	37.6483
2085.85	37.186
2086.68	37.1759
2087.5	37.3769
2088.33	36.9246
2089.15	37.0553
2089.98	37.1055
2090.8	37.3668
2091.63	37.3266
2092.45	37.1357
2093.27	37.4874
2094.1	36.9749
2094.92	37.1558
2095.74	37.7186
2096.57	37.2161
2097.39	36.8643
2098.21	37.4573
2099.04	37.0452
2099.86	37.0653
2100.68	36.7437
2101.5	36.9749
2102.32	37.2362
2103.15	37.397
2103.97	36.4322
2104.79	37.1859
2105.61	37.3266
2106.43	37.2161
2107.25	36.7538
2108.07	36.5226
2108.89	37.4573
2109.71	36.7538
2110.53	37.2362
2111.35	37.2663
2112.17	37.196
2112.99	37.2563
2113.81	36.8643
2114.63	37.0553
2115.44	37.3467
2116.26	37.0653
2117.08	37.1156
2117.9	37.4874
2118.72	37.4271
2119.53	36.7437
2120.35	37.5578
2121.17	37.0854
2121.99	37.3065
2122.8	37.4573
2123.62	37.4271
2124.44	37.2362
2125.25	37.4573
2126.07	37.397
2126.88	36.8241
2127.7	36.995
2128.51	37.206
2129.33	36.9146
2130.14	37.2563
2130.96	37.0653
2131.77	37.2462
2132.59	37.4472
2133.4	36.8643
2134.22	37.5276
2135.03	37.4472
2135.84	37.4573
2136.66	37.1759
2137.47	37.1859
2138.28	37.5176
2139.1	37.1658
2139.91	37.005
2140.72	37.3065
2141.53	38.3115
2142.34	37.1256
2143.16	36.6131
2143.97	36.9849
2144.78	36.7839
2145.59	37.3065
2146.4	37.2563
2147.21	36.794
2148.02	37.3266
2148.83	36.9648
2149.64	37.3065
2150.45	37.3367
2151.26	36.9648
2152.07	37.0653
2152.88	37.4171
2153.69	36.8241
2154.5	36.6834
2155.31	37.3266
2156.12	37.1156
2156.93	36.9849
2157.73	36.8141
2158.54	37.196
2159.35	37.0553
2160.16	36.9246
2160.96	36.6231
2161.77	37.5377
2162.58	36.8945
2163.39	37.3869
2164.19	37.4874
2165	37.3166
2165.8	36.9447
2166.61	37.005
2167.42	37.2261
2168.22	36.9447
2169.03	37.196
2169.83	36.8744
2170.64	36.7638
2171.44	37.2563
2172.25	38.2311
2173.05	36.995
2173.86	36.4623
2174.66	37.9196
2175.46	36.9146
2176.27	37.1256
2177.07	37.3467
2177.87	37.8593
2178.68	37.2563
2179.48	37.0653
2180.28	36.7035
2181.08	36.4322
2181.89	36.7437
2182.69	36.3116
2183.49	37.4875
2184.29	37.8492
2185.09	37.5477
2185.89	36.4924
2186.7	37.2764
2187.5	37.1156
2188.3	37.0452
2189.1	36.8643
2189.9	36.8141
2190.7	37.0653
2191.5	37.6784
2192.3	36.6332
2193.1	36.8442
2193.9	37.6482
2194.7	37.7588
2195.49	36.5528
2196.29	37.3065
2197.09	37.7085
2197.89	36.8241
2198.69	37.0955
2199.48	37.1759
2200.28	37.2362
2201.08	37.2563
2201.88	37.0452
2202.67	36.6231
2203.47	37.0955
2204.27	37.608
2205.06	37.5176
2205.86	37.7186
2206.66	37.1357
2207.45	36.9548
2208.25	37.3266
2209.04	36.8342
2209.84	36.9347
2210.63	36.8945
2211.43	37.7789
2212.22	37.1759
2213.02	37.7186
2213.81	37.2864
2214.61	36.3417
2215.4	37.1357
2216.19	37.2864
2216.99	36.5025
2217.78	36.6633
2218.57	36.7739
2219.37	36.8241
2220.16	36.8945
2220.95	37.3869
2221.74	36.804
2222.54	36.1809
2223.33	36.8442
2224.12	37.1457
2224.91	36.7638
2225.7	37.1658
2226.49	36.9849
2227.28	36.7839
2228.07	36.6834
2228.86	36.9548
2229.66	36.3417
2230.45	36.6633
2231.24	37.0754
2232.03	37.1055
2232.82	36.9246
2233.6	36.7839
2234.39	37.0854
2235.18	37.1859
2235.97	36.9447
2236.76	36.6935
2237.55	37.3266
2238.34	36.8945
2239.12	37.8895
2239.91	36.7136
2240.7	37.7387
2241.49	36.7638
2242.27	36.5729
2243.06	36.8844
2243.85	36.7236
2244.63	36.4523
2245.42	36.6231
2246.21	36.9447
2246.99	36.9347
2247.78	37.5779
2248.56	37.005
2249.35	37.7287
2250.13	37.5277
2250.92	36.6533
2251.7	36.7538
2252.49	37.5779
2253.27	36.6734
2254.06	36.4121
2254.84	36.7537
2255.62	36.7035
2256.41	37.4573
2257.19	37.3568
2257.97	37.0653
2258.76	37.0854
2259.54	36.8844
2260.32	36.4221
2261.1	37.1156
2261.89	37.5578
2262.67	36.9347
2263.45	36.3216
2264.23	36.8643
2265.01	36.6734
2265.8	36.593
2266.58	36.995
2267.36	36.4221
2268.14	37.0754
2268.92	36.7638
2269.7	36.4925
2270.48	36.2412
2271.26	37.5276
2272.04	36.4221
2272.82	36.8844
2273.6	36.7839
2274.38	37.3568
2275.15	37.5578
2275.93	37.2261
2276.71	36.9246
2277.49	37.1156
2278.27	37.3166
2279.05	37.206
2279.82	36.804
2280.6	36.5628
2281.38	37.0653
2282.16	36.6231
2282.93	36.5729
2283.71	36.4623
2284.48	36.6533
2285.26	36.9347
2286.04	35.7689
2286.81	36.8241
2287.59	36.4723
2288.36	36.9347
2289.14	36.7638
2289.91	36.7839
2290.69	36.8543
2291.46	36.8543
2292.24	36.4422
2293.01	36.7337
2293.79	36.8543
2294.56	37.407
2295.33	37.0754
2296.11	36.7236
2296.88	37.4472
2297.65	37.1156
2298.43	37.2864
2299.2	37.1055
2299.97	37.1256
2300.75	36.9146
2301.52	37.3266
2302.29	37.7387
2303.06	37.4874
2303.83	36.402
2304.6	37.1457
2305.37	36.9648
2306.15	37.5377
2306.92	36.804
2307.69	36.6432
2308.46	36.3819
2309.23	36.8442
2310	37.3166
2310.77	36.7035
2311.54	36.9246
2312.31	36.3116
2313.08	36.6734
2313.84	36.8945
2314.61	37.6482
2315.38	37.2764
2316.15	37.2864
2316.92	37.4573
2317.69	37.4171
2318.45	37.2261
2319.22	37.5678
2319.99	37.1759
2320.76	37.2462
2321.52	36.9749
2322.29	36.8844
2323.06	37.1558
2323.82	36.7437
2324.59	37.2663
2325.36	37.0653
2326.12	37.0754
2326.89	36.5628
2327.65	36.4422
2328.42	37.1156
2329.18	37.397
2329.95	37.1859
2330.71	36.3317
2331.48	37.4372
2332.24	36.3719
2333	36.5628
2333.77	36.4523
2334.53	37.0553
2335.3	36.6734
2336.06	36.4221
2336.82	36.7739
2337.59	36.794
2338.35	36.8442
2339.11	36.8643
2339.87	37.206
2340.63	36.6834
2341.4	36.794
2342.16	36.7839
2342.92	36.8241
2343.68	36.8643
2344.44	37.397
2345.2	36.7035
2345.96	37.1156
2346.72	37.0553
2347.48	36.9548
2348.25	36.7035
2349.01	36.3819
2349.76	37.0854
2350.52	36.5528
2351.28	36.9146
2352.04	36.995
2352.8	37.0553
2353.56	36.2111
2354.32	36.4121
2355.08	36.8945
2355.84	36.7739
2356.59	36.7739
2357.35	36.5427
2358.11	36.794
2358.87	36.8945
2359.62	36.9749
2360.38	37.1759
2361.14	36.3116
2361.89	36.8442
2362.65	36.9749
2363.41	36.9548
2364.16	36.7638
2364.92	37.206
2365.67	36.7035
2366.43	36.6834
2367.18	36.7538
2367.94	36.6834
2368.69	36.4422
2369.45	36.6734
2370.2	37.0251
2370.96	36.8643
2371.71	36.8241
2372.47	36.7739
2373.22	37.0553
2373.97	36.7035
2374.73	37.2161
2375.48	36.6633
2376.23	36.6734
2376.99	37.7387
2377.74	37.1156
2378.49	36.3317
2379.24	36.7236
2379.99	36.8141
2380.75	36.8141
2381.5	37.4573
2382.25	36.5126
2383	36.3819
2383.75	36.9347
2384.5	36.9849
2385.25	36.794
2386	36.5025
2386.75	36.6633
2387.5	36.6935
2388.25	36.5427
2389	36.6935
2389.75	36.6231
2390.5	36.7337
2391.25	36.7136
2392	36.6734
2392.75	37.0754
2393.49	37.5779
2394.24	37.0754
2394.99	36.804
2395.74	37.3467
2396.49	37.2261
2397.23	36.8945
2397.98	36.3417
2398.73	36.7638
2399.48	36.5729
2400.22	36.6935
2400.97	36.7739
2401.71	37.005
2402.46	36.9347
2403.21	36.3116
2403.95	37.2764
2404.7	37.1859
2405.44	36.7437
2406.19	36.4724
2406.93	36.8442
2407.68	36.4322
2408.42	36.6935
2409.17	37.1457
2409.91	36.3819
2410.65	36.9749
2411.4	37.0352
2412.14	36.1608
2412.89	36.3417
2413.63	37.397
2414.37	36.5528
2415.11	36.7236
2415.86	37.4271
2416.6	36.8844
2417.34	36.5528
2418.08	36.794
2418.82	36.8241
2419.57	36.8643
2420.31	36.7739
2421.05	36.3618
2421.79	36.2915
2422.53	37.3266
2423.27	37.196
2424.01	36.6935
2424.75	37.0854
2425.49	36.4824
2426.23	36.7437
2426.97	36.8442
2427.71	36.191
2428.45	36.4322
2429.19	36.6834
2429.93	36.593
2430.67	36.2211
2431.41	36.7739
2432.14	36.8241
2432.88	36.8442
2433.62	37.1256
2434.36	36.8744
2435.09	36.4824
2435.83	37.2161
2436.57	36.8442
2437.31	36.7437
2438.04	36.7638
2438.78	36.8543
2439.52	36.0402
2440.25	36.4422
2440.99	37.1558
2441.72	36.3618
2442.46	36.9146
2443.19	36.4221
2443.93	37.0452
2444.66	36.5829
2445.4	36.6432
2446.13	37.0653
2446.87	36.3015
2447.6	36.7136
2448.34	37.1156
2449.07	36.9849
2449.8	36.4724
2450.54	36.8241
2451.27	37.0553
2452	36.5829
2452.74	36.7035
2453.47	37.0352
2454.2	37.0352
2454.93	36.201
2455.67	37.1457
2456.4	36.5125
2457.13	36.7035
2457.86	36.593
2458.59	37.2161
2459.32	36.5729
2460.05	36.8643
2460.78	37.0854
2461.51	37.2161
2462.24	36.804
2462.97	36.6432
2463.7	36.392
2464.43	36.9648
2465.16	36.7136
2465.89	37.1658
2466.62	36.8543
2467.35	36.7538
2468.08	36.6935
2468.81	36.0301
2469.54	37.196
2470.27	36.5628
2470.99	36.3417
2471.72	36.4422
2472.45	36.7035
2473.18	36.6935
2473.9	37.0653
2474.63	36.1206
2475.36	36.6633
2476.08	36.9648
2476.81	36.4523
2477.54	36.5025
2478.26	36.8844
2478.99	36.2312
2479.71	36.6834
2480.44	36.7839
2481.16	36.5427
2481.89	36.8643
2482.61	36.7236
2483.34	36.6533
2484.06	36.2814
2484.79	37.3065
2485.51	36.8442
2486.24	36.804
2486.96	37.0653
2487.68	36.4724
2488.41	36.7437
2489.13	37.0653
2489.85	36.211
2490.58	36.9749
2491.3	36.8543
2492.02	36.5528
2492.74	36.593
2493.46	37.005
2494.19	36.5729
2494.91	36.8342
2495.63	37.0452
2496.35	36.7638
2497.07	36.6734
2497.79	36.9749
2498.51	36.7035
2499.23	36.4523
2499.95	36.9146
2500.67	36.7136
2501.39	36.5729
2502.11	37.407
2502.83	36.794
2503.55	36.4724
2504.27	37.0452
2504.99	36.5829
2505.71	36.4121
2506.43	36.4925
2507.15	36.5628
2507.86	36.603
2508.58	36.7136
2509.3	36.8241
2510.02	36.6533
2510.73	36.7638
2511.45	36.8342
2512.17	36.191
2512.89	36.6231
2513.6	36.2111
2514.32	36.2814
2515.03	36.8442
2515.75	36.2111
2516.47	36.2914
2517.18	37.005
2517.9	37.1759
2518.61	36.4322
2519.33	36.191
2520.04	36.4221
2520.76	36.5327
2521.47	36.5829
2522.19	36.0402
2522.9	36.1709
2523.61	36.3116
2524.33	36.4724
2525.04	35.9196
2525.75	36.6734
2526.47	36.5126
2527.18	36.5126
2527.89	35.7086
2528.61	36.593
2529.32	36.5427
2530.03	35.8894
2530.74	36.6432
2531.45	36.5025
2532.16	36.8844
2532.88	36.1106
2533.59	36.4824
2534.3	36.3216
2535.01	36.6734
2535.72	36.4221
2536.43	37.1658
2537.14	36.5327
2537.85	36.402
2538.56	36.6131
2539.27	36.7035
2539.98	36.3819
2540.69	36.4221
2541.4	36.3518
2542.11	36.0804
2542.82	36.4724
2543.52	36.2312
2544.23	36.5226
2544.94	36.3317
2545.65	36.1206
2546.36	36.4523
2547.06	36.3015
2547.77	36.9045
2548.48	36.4623
2549.18	36.4824
2549.89	35.7085
2550.6	36.2111
2551.3	36.7739
2552.01	36.1306
2552.72	36.8141
2553.42	36.2513
2554.13	36.3819
2554.83	35.9297
2555.54	36.3216
2556.24	36.2311
2556.95	36.4221
2557.65	36.2713
2558.36	36.3417
2559.06	36.4422
2559.77	36.5327
2560.47	36.7839
2561.17	36.603
2561.88	36.4523
2562.58	36.1005
2563.28	36.6633
2563.99	36.3417
2564.69	36.7136
2565.39	35.8693
2566.09	36.7337
2566.8	36.4724
2567.5	35.7085
2568.2	36.4523
2568.9	36.5729
2569.6	36.9246
2570.3	36.7538
2571.01	36.2814
2571.71	36.5226
2572.41	36.8442
2573.11	36.3618
2573.81	36.2111
2574.51	36.5226
2575.21	36.1306
2575.91	36.6231
2576.61	36.4724
2577.31	36.4422
2578.01	36.4322
2578.7	36.6231
2579.4	36.7035
2580.1	36.3116
2580.8	36.5126
2581.5	36.2613
2582.2	36.0301
2582.89	36.8342
2583.59	36.2111
2584.29	36.5729
2584.99	36.3216
2585.68	36.3317
2586.38	36.191
2587.08	36.6432
2587.77	36.6332
2588.47	36.2714
2589.16	36.5829
2589.86	36.9246
2590.56	36.201
2591.25	35.8492
2591.95	36.2311
2592.64	36.211
2593.34	36.7739
2594.03	36.5729
2594.73	36.6131
2595.42	36.3116
2596.11	35.9598
2596.81	36.2814
2597.5	35.7789
2598.2	36.2714
2598.89	36.0402
2599.58	36.593
2600.27	35.7186
2600.97	36.5327
2601.66	35.5477
2602.35	35.4774
2603.05	35.9497
2603.74	36.3518
2604.43	36.3015
2605.12	36.402
2605.81	35.799
2606.5	36.7538
2607.19	36.6432
2607.89	35.9497
2608.58	35.6281
2609.27	36.1608
2609.96	36.6935
2610.65	36.01
2611.34	36.2613
2612.03	36.5729
2612.72	36.603
2613.41	35.9699
2614.09	36.4724
2614.78	36.6834
2615.47	36.0804
2616.16	35.7487
2616.85	35.6583
2617.54	35.9196
2618.23	36.4925
2618.91	36.2412
2619.6	36.2915
2620.29	36.7839
2620.98	36.7638
2621.66	36.5126
2622.35	35.8493
2623.04	36.5025
2623.72	36.6332
2624.41	36.6432
2625.09	36.5729
2625.78	36.4422
2626.47	36.4422
2627.15	36.603
2627.84	35.9799
2628.52	35.8493
2629.21	35.8894
2629.89	36.8945
2630.58	36.3015
2631.26	35.9397
2631.95	36.3819
2632.63	36.5226
2633.31	36.5126
2634	36.7136
2634.68	36.5327
2635.36	36.4522
2636.05	36.6633
2636.73	36.2211
2637.41	36.2713
2638.09	36.794
2638.78	36.2111
2639.46	36.6131
2640.14	36.6231
2640.82	36.6633
2641.51	36.2914
2642.19	36.2312
2642.87	36.1306
2643.55	36.5628
2644.23	35.8995
2644.91	36.0402
2645.59	36.211
2646.27	36.8141
2646.95	36.1508
2647.63	36.5628
2648.31	36.4422
2648.99	36.4523
2649.67	36.1608
2650.35	36.0603
2651.03	36.7739
2651.71	36.0804
2652.38	36.4925
2653.06	36.3618
2653.74	36.2814
2654.42	36.0201
2655.1	35.7789
2655.77	35.8894
2656.45	36.5327
2657.13	36.2613
2657.81	36.2714
2658.48	36.01
2659.16	35.9196
2659.84	36.3618
2660.51	36.1206
2661.19	36.191
2661.86	36.0905
2662.54	36.256
2663.21	36.0801
2663.89	36.2072
2664.56	36.3153
2665.24	36.2963
2665.91	35.8517
2666.59	35.901
2667.26	35.849
2667.94	36.2578
2668.61	36.1105
2669.29	35.7351
2669.96	36.575
2670.63	36.3612
2671.31	36.5277
2671.98	36.1844
2672.65	36.0806
2673.32	36.1712
2674	36.3192
2674.67	36.0537
2675.34	35.7648
2676.01	35.8515
2676.68	36.3651
2677.36	35.8615
2678.03	36.5822
2678.7	36.2009
2679.37	36.4623
2680.04	36.3432
2680.71	36.3567
2681.38	36.2065
2682.05	36.3556
2682.72	36.009
2683.39	35.9361
2684.06	36.1152
2684.73	36.0576
2685.4	36.1022
2686.07	35.6464
2686.74	36.0085
2687.41	36.1212
2688.07	36.088
2688.74	35.7412
2689.41	35.9478
2690.08	36.1197
2690.75	36.1819
2691.41	36.3743
2692.08	35.9122
2692.75	35.9184
2693.42	35.7353
2694.08	35.8787
2694.75	36.0283
2695.42	36.0336
2696.08	35.8119
2696.75	35.4003
2697.41	35.7177
2698.08	35.8867
2698.74	35.9385
2699.41	35.8887
2700.08	36.2318
2700.74	36.1035
2701.4	36.0337
2702.07	35.6735
2702.73	35.9077
2703.4	35.7678
2704.06	35.8093
2704.73	35.9399
2705.39	36.1875
2706.05	35.8661
2706.72	36.008
2707.38	35.7897
2708.04	35.8685
2708.71	35.7122
2709.37	35.8448
2710.03	35.6463
2710.69	35.915
2711.35	36.1307
2712.01	36.0579
2712.68	35.9086
2713.34	36.351
2714	36.4213
2714.66	35.9057
2715.32	35.6601
2715.98	36.1094
2716.64	36.0292
2717.3	36.0625
2717.96	35.8014
2718.62	35.8047
2719.28	36.0291
2719.94	36.2618
2720.6	36.1467
2721.26	35.857
2721.92	36.269
2722.58	36.1525
2723.24	35.9295
2723.89	36.0516
2724.55	35.7906
2725.21	35.9504
2725.87	36.0702
2726.53	36.1445
2727.18	36.0457
2727.84	36.094
2728.5	36.19
2729.15	36.0551
2729.81	36.0652
2730.47	36.101
2731.12	36.7183
2731.78	36.4163
2732.43	36.448
2733.08	36.5226
2733.77	35.9799
2734.46	35.9196
2735.16	36.201
2735.85	35.9196
2736.54	36.2111
2737.23	36.2915
2737.93	36.6131
2738.62	35.799
2739.31	36.5628
2740	36.1909
2740.69	36.3719
2741.38	36.0804
2742.07	36.5829
2742.77	36.0301
2743.46	36.1809
2744.15	36.1106
2744.84	36.2914
2745.53	36.5829
2746.22	36.211
2746.91	35.9699
2747.6	36.1306
2748.29	36.1608
2748.98	36.1106
2749.67	36.5528
2750.36	35.9096
2751.04	35.9799
2751.73	36.2312
2752.42	35.7286
2753.11	36.3417
2753.8	36.6533
2754.49	36.5628
2755.17	35.9799
2755.86	36.3618
2756.55	36.0603
2757.24	36.2613
2757.92	35.9196
2758.61	35.8895
2759.3	36.7638
2759.99	36.1809
2760.67	36.1709
2761.36	36.2513
2762.04	36.6935
2762.73	36.2814
2763.42	36.211
2764.1	37.0452
2764.79	36.7136
2765.47	36.8241
2766.16	36.5025
2766.84	36.1206
2767.53	36.3819
2768.21	35.9297
2768.9	36.2714
2769.58	36.3819
2770.27	36.2312
2770.95	36.794
2771.64	35.7689
2772.32	37.2161
2773	36.1809
2773.69	36
2774.37	36.5427
2775.05	36.1708
2775.74	36.3316
2776.42	35.9899
2777.1	36.0603
2777.78	35.7488
2778.47	36.5025
2779.15	36.5528
2779.83	36.5126
2780.51	35.8995
2781.2	36.201
2781.88	36.2814
2782.56	36.7538
2783.24	37.0151
2783.92	36.5025
2784.6	36.5729
2785.28	35.7688
2785.96	35.7588
2786.64	36.9748
2787.32	36.3417
2788	36.0904
2788.68	36.794
2789.36	36.6432
2790.04	36.4925
2790.72	36.2512
2791.4	36.7538
2792.08	36.3819
2792.76	35.8392
2793.44	36.2211
2794.12	36.2211
2794.8	36.8643
2795.47	36.6834
2796.15	35.99
2796.83	36.3819
2797.51	36.2312
2798.19	36.1407
2798.86	36.4523
2799.54	36.4523
2800.22	36.8945
2800.89	36.7337
2801.57	36.8945
2802.25	36.804
2802.92	36.1005
2803.6	36.3116
2804.28	36.0502
2804.95	36.2814
2805.63	36.4924
2806.3	36.4523
2806.98	36.4121
2807.66	36.5226
2808.33	36.4221
2809.01	36.1407
2809.68	36.6432
2810.35	36.6131
2811.03	36.5829
2811.7	36.7839
2812.38	36.0502
2813.05	36.6332
2813.73	36.3116
2814.4	36.0703
2815.07	36.4925
2815.75	36.8744
2816.42	36.6432
2817.09	36.7739
2817.77	36.5327
2818.44	36.402
2819.11	36.2814
2819.78	36.8844
2820.46	36.5126
2821.13	36.4925
2821.8	36.8141
2822.47	36.4724
2823.14	36.3216
2823.81	36.4121
2824.49	36.1608
2825.16	36.6432
2825.83	37.3568
2826.5	36.4824
2827.17	36.7337
2827.84	36.8844
2828.51	37.7789
2829.18	36.3719
2829.85	36.8543
2830.52	36.5327
2831.19	36.5226
2831.86	36.6834
2832.53	37.3266
2833.2	36.4322
2833.87	37.1759
2834.53	36.5829
2835.2	36.603
2835.87	36.5528
2836.54	36.7136
2837.21	37.1256
2837.88	36.7739
2838.54	37.5477
2839.21	37.1658
2839.88	36.8342
2840.55	36.4824
2841.21	36.9548
2841.88	37.3568
2842.55	37.1357
2843.21	37.2764
2843.88	36.9749
2844.55	37.2864
2845.21	37.3769
2845.88	37.5678
2846.54	37.6985
2847.21	37.3468
2847.88	38.0905
2848.54	37.5377
2849.21	37.5477
2849.87	37.598
2850.54	38.1407
2851.2	37.9297
2851.87	37.6282
2852.53	37.7387
2853.19	38.3518
2853.86	38.0402
2854.52	38.3317
2855.19	37.8693
2855.85	38.995
2856.51	38.7839
2857.18	38.9045
2857.84	39.5377
2858.5	40.794
2859.17	41.1256
2859.83	42.7739
2860.49	42.191
2861.15	41.9196
2861.81	41.2362
2862.48	40.7739
2863.14	41.6382
2863.8	41.7186
2864.46	41.4472
2865.12	42.0703
2865.78	42.191
2866.44	42.8241
2867.11	42.9447
2867.77	42.3517
2868.43	42.9045
2869.09	43.407
2869.75	44.1206
2870.41	43.1055
2871.07	43.206
2871.73	44.2111
2872.39	44.1407
2873.04	44.1005
2873.7	43.8292
2874.36	44.6834
2875.02	44.2512
2875.68	44.2714
2876.34	44.8643
2877	44.6131
2877.66	44.7538
2878.31	45.6483
2878.97	46.0302
2879.63	45.3166
2880.29	45.0854
2880.94	45.3869
2881.6	45.7487
2882.26	46.6432
2882.91	46.5025
2883.57	45.3869
2884.23	46.2513
2884.88	45.8794
2885.54	45.5578
2886.2	45.6985
2886.85	45.6382
2887.51	45.1357
2888.16	45.0352
2888.82	45.8995
2889.47	44.201
2890.13	45.4472
2890.78	45.8392
2891.44	45.8895
2892.09	44.9347
2892.75	45.4171
2893.4	45.6382
2894.06	45.8894
2894.71	45.8291
2895.36	44.9648
2896.02	45.0553
2896.67	44.8744
2897.32	44.4121
2897.98	44.9347
2898.63	44.6734
2899.28	44.0704
2899.94	43.809
2900.59	44.2311
2901.24	43.6884
2901.89	42.7337
2902.54	43.1558
2903.2	43.1055
2903.85	43.3065
2904.5	42.7437
2905.15	42.402
2905.8	42.3216
2906.45	42.8643
2907.1	42.7739
2907.75	42.7538
2908.41	42.3719
2909.06	42.1206
2909.71	42.0502
2910.36	41.6382
2911.01	42.1206
2911.65	42.3417
2912.3	42.9849
2912.95	42.3317
2913.6	42.7437
2914.25	43.5377
2914.9	42.3317
2915.55	42.6332
2916.2	42.5226
2916.85	42.6935
2917.49	43.3266
2918.14	43.1859
2918.79	43.3065
2919.44	43.005
2920.09	42.1307
2920.73	43.9497
2921.38	43.9799
2922.03	43.4874
2922.67	42.1809
2923.32	42.5829
2923.97	43.9497
2924.61	43.6482
2925.26	43.3266
2925.91	43.7889
2926.55	44.3317
2927.2	43.4673
2927.84	43.3467
2928.49	42.9749
2929.13	43.3568
2929.78	42.4422
2930.42	42.995
2931.07	42.2613
2931.71	42.7035
2932.36	42.6734
2933	42.6734
2933.65	42.593
2934.29	41.4774
2934.93	41.3065
2935.58	42.0302
2936.22	41.0553
2936.86	41.2362
2937.51	40.603
2938.15	40.7538
2938.79	41.2462
2939.44	40.2111
2940.08	40.8945
2940.72	40.6432
2941.36	40.7136
2942.01	39.809
2942.65	40.0402
2943.29	40.3719
2943.93	39.8593
2944.57	39.8493
2945.21	40.1005
2945.85	39.7086
2946.5	39.5277
2947.14	39.5678
2947.78	40.1709
2948.42	39.7889
2949.06	39.6382
2949.7	39.8593
2950.34	39.5578
2950.98	39.6482
2951.62	39.1457
2952.26	39.4874
2952.9	39.0553
2953.53	38.9447
2954.17	38.6633
2954.81	38.6633
2955.45	38.7337
2956.09	38.4925
2956.73	38.4925
2957.37	38.4121
2958	38.1709
2958.64	38.201
2959.28	37.9498
2959.92	38.0302
2960.55	37.7487
2961.19	38.1005
2961.83	38.3317
2962.46	37.8091
2963.1	37.6985
2963.74	38.0302
2964.37	38.1508
2965.01	37.598
2965.65	38.0302
2966.28	37.9096
2966.92	37.7688
2967.55	37.1759
2968.19	38.2412
2968.82	38.2111
2969.46	37.9698
2970.09	37.4673
2970.73	38.4121
2971.36	37.6683
2972	37.6684
2972.63	37.2764
2973.27	37.4271
2973.9	37.809
2974.53	37.809
2975.17	37.6683
2975.8	37.1357
2976.43	37.5477
2977.07	36.9246
2977.7	37.1055
2978.33	36.8241
2978.96	37.2864
2979.6	36.5729
2980.23	36.1206
2980.86	36.3819
2981.49	37.3568
2982.13	36.9146
2982.76	36.9648
2983.39	36.9648
2984.02	36.7739
2984.65	37.1457
2985.28	36.5628
2985.91	36.6633
2986.54	36.5226
2987.17	36.7337
2987.8	36.6432
2988.43	36.9648
2989.06	37.2362
2989.69	36.4121
2990.32	36.201
2990.95	36.6332
2991.58	36.9347
2992.21	36.1809
2992.84	36.4422
2993.47	36.3719
2994.1	36.4523
2994.73	36.2111
2995.35	36.2111
2995.98	36.6332
2996.61	36.4925
2997.24	36.7337
2997.87	36.3719
2998.49	36.3216
2999.12	36.5327
2999.75	36.4422
3000.38	36.5025
3001	35.9899
3001.63	36.1307
3002.26	36.5327
3002.88	36.2814
3003.51	35.8392
3004.13	35.8493
3004.76	35.6583
3005.39	35.8995
3006.01	36.0503
3006.64	36
3007.26	35.6482
3007.89	35.598
3008.51	36.7035
3009.14	36.0101
3009.76	35.6482
3010.39	35.7186
3011.01	35.7286
3011.63	35.4573
3012.26	35.3668
3012.88	36.0302
3013.51	35.4874
3014.13	36.0301
3014.75	35.3166
3015.38	35.9598
3016	35.8493
3016.62	36.1508
3017.25	36.1105
3017.87	35.8191
3018.49	35.4472
3019.11	35.6281
3019.73	36.1507
3020.36	35.8995
3020.98	35.1256
3021.6	36.3216
3022.22	35.2864
3022.84	35.9095
3023.46	36.01
3024.08	35.3668
3024.7	35.6482
3025.33	35.3467
3025.95	35.8292
3026.57	34.9849
3027.19	35.7487
3027.81	36.201
3028.43	35.9497
3029.05	35.598
3029.67	35.1256
3030.28	35.9899
3030.9	35.6382
3031.52	35.8191
3032.14	36.0704
3032.76	35.6683
3033.38	35.5879
3034	35.9899
3034.62	35.6884
3035.23	35.809
3035.85	35.5176
3036.47	35.7889
3037.09	35.1859
3037.7	36.2211
3038.32	36.0301
3038.94	35.8392
3039.55	35.1256
3040.17	36.201
3040.79	36.1608
3041.4	35.9699
3042.02	35.7789
3042.64	36.1005
3043.25	35.7789
3043.87	36.0804
3044.48	35.7286
3045.1	35.2965
3045.71	36.1608
3046.33	35.5478
3046.94	35.4271
3047.56	35.9497
3048.17	35.4774
3048.79	35.6683
3049.4	35.387
3050.02	35.2965
3050.63	35.1256
3051.24	35.799
3051.86	35.7186
3052.47	35.4573
3053.08	35.4975
3053.7	35.8693
3054.31	35.4372
3054.92	35.5678
3055.54	35.6482
3056.15	35.6181
3056.76	36.3216
3057.37	35.4472
3057.98	34.9246
3058.6	35.8895
3059.21	34.8543
3059.82	35.8291
3060.43	35.4975
3061.04	35.1156
3061.65	35.7286
3062.26	35.9297
3062.87	35.4372
3063.49	35.0754
3064.1	35.1257
3064.71	35.3467
3065.32	35.2764
3065.93	35.5678
3066.54	35.5678
3067.15	35.9196
3067.76	35.7588
3068.36	35.608
3068.97	35.598
3069.58	35.0955
3070.19	35.5377
3070.8	35.0553
3071.41	35.8091
3072.02	35.8493
3072.62	35.1357
3073.23	35.0452
3073.84	35.3568
3074.45	35.7688
3075.06	35.0452
3075.66	35.7085
3076.27	35.3769
3076.88	35.1156
3077.48	35.8995
3078.09	35.7086
3078.7	35.1457
3079.3	35.7889
3079.91	35.5276
3080.52	35.799
3081.12	35.8392
3081.73	35.598
3082.33	35.3467
3082.94	35.6884
3083.54	36.0101
3084.15	35.6382
3084.75	35.6583
3085.36	36
3085.96	35.5176
3086.57	36
3087.17	35.3367
3087.78	35.5176
3088.38	36.4221
3088.98	35.598
3089.59	35.7789
3090.19	35.5477
3090.79	35.5879
3091.4	35.6784
3092	35.8794
3092.6	35.6382
3093.21	36.3317
3093.81	36.1005
3094.41	35.9296
3095.01	35.7889
3095.61	35.9095
3096.22	36.211
3096.82	35.1658
3097.42	35.7588
3098.02	35.0151
3098.62	35.7387
3099.22	34.7337
3099.82	35.7889
3100.42	36.1005
3101.02	35.588
3101.63	36.1709
3102.23	35.3065
3102.83	35.4472
3103.42	36.0402
3104.03	35.3568
3104.62	35.5678
3105.22	35.5377
3105.82	35.0854
3106.42	35.598
3107.02	35.5176
3107.62	35.789
3108.22	35.2462
3108.82	35.5075
3109.42	34.8543
3110.01	35.6482
3110.61	35.2563
3111.21	34.8945
3111.81	35.2261
3112.4	35.7487
3113	35.2563
3113.6	35.4673
3114.2	35.4975
3114.79	35.5075
3115.39	35.2764
3115.99	35.3266
3116.58	35.2864
3117.18	35.5377
3117.77	35.5377
3118.37	35.6884
3118.97	35.2563
3119.56	35.1156
3120.16	35.4472
3120.75	35.809
3121.35	35.6683
3121.94	35.4975
3122.54	35.7488
3123.13	35.5879
3123.73	35.3769
3124.32	35.5477
3124.92	35.799
3125.51	35.5276
3126.1	36.1709
3126.7	35.7387
3127.29	35.4573
3127.88	35.9497
3128.48	35.3869
3129.07	35.8392
3129.66	35.8593
3130.25	35.6884
3130.85	35.5578
3131.44	35.5276
3132.03	35.6281
3132.62	36.1809
3133.22	35.3266
3133.81	35.9196
3134.4	36
3134.99	35.3266
3135.58	36.2613
3136.17	35.4674
3136.76	35.799
3137.35	35.598
3137.94	35.8593
3138.54	35.6985
3139.13	35.8291
3139.72	35.9196
3140.31	35.4472
3140.9	35.4774
3141.48	35.9296
3142.07	35.4372
3142.66	35.6683
3143.25	35.598
3143.84	35.8091
3144.43	35.789
3145.02	35.7688
3145.61	35.397
3146.2	35.0653
3146.78	35.2864
3147.37	34.9648
3147.96	35.598
3148.55	35.3668
3149.14	35.6683
3149.72	35.8995
3150.31	35.7387
3150.9	35.6382
3151.48	35.0151
3152.07	35.196
3152.66	35.3367
3153.24	35.799
3153.83	35.3065
3154.42	35.8693
3155	36
3155.59	34.9749
3156.17	35.0653
3156.76	35.0452
3157.34	35.598
3157.93	35.4271
3158.51	35.4673
3159.1	35.4372
3159.68	35.7487
3160.27	36.0603
3160.85	35.809
3161.44	35.1558
3162.02	35.9799
3162.6	35.1357
3163.19	35.5276
3163.77	35.5176
3164.35	35.5176
3164.94	35.2161
3165.52	35.2261
3166.1	35.5176
3166.69	35.5477
3167.27	35.7387
3167.85	36.2714
3168.43	35.7789
3169.02	35.9296
3169.6	35.7387
3170.18	35.7387
3170.76	36.1005
3171.34	35.5276
3171.92	36.3216
3172.51	35.8091
3173.09	35.6281
3173.67	35.7387
3174.25	35.5779
3174.83	36.5729
3175.41	35.4975
3175.99	35.6583
3176.57	36.0201
3177.15	35.2362
3177.73	35.9397
3178.31	36.6231
3178.89	35.6482
3179.47	35.8493
3180.05	35.9497
3180.62	35.6583
3181.2	35.7286
3181.78	35.9698
3182.36	35.598
3182.94	35.6181
3183.52	35.5477
3184.09	35.6181
3184.67	35.9196
3185.25	35.6081
3185.83	35.1658
3186.4	35.5578
3186.98	35.598
3187.56	35.789
3188.14	36.1809
3188.71	35.2965
3189.29	35.9598
3189.86	35.3166
3190.44	35.789
3191.02	35.3266
3191.59	35.3065
3192.17	35.4271
3192.74	35.8593
3193.32	35.5879
3193.89	36.0503
3194.47	35.5779
3195.04	35.6884
3195.62	35.7186
3196.19	35.3668
3196.77	35.0352
3197.34	35.5678
3197.92	35.7789
3198.49	35.6784
3199.06	35.598
3199.64	35.6985
3200.21	35.2462
3200.78	35.4573
3201.36	35.4573
3201.93	35.397
3202.5	35.206
3203.08	35.6884
3203.65	35.0553
3204.22	35.6482
3204.79	35.407
3205.37	35.5377
3205.94	35.3769
3206.51	35.2663
3207.08	36.0302
3207.65	35.7387
3208.22	35.7487
3208.79	35.0352
3209.36	35.4271
3209.94	35.7889
3210.51	35.598
3211.08	35.5276
3211.65	35.4573
3212.22	35.9498
3212.79	35.9196
3213.36	35.7085
3213.93	35.3065
3214.5	35.99
3215.07	35.3367
3215.63	36.191
3216.2	35.3568
3216.77	35.9397
3217.34	35.4975
3217.91	35.8894
3218.48	36.0101
3219.05	36.1105
3219.61	35.598
3220.18	35.4975
3220.75	35.4271
3221.32	35.9799
3221.89	35.3769
3222.45	35.9096
3223.02	35.5779
3223.59	35.6583
3224.15	35.7487
3224.72	36.5126
3225.29	36.2814
3225.85	35.9698
3226.42	36.1005
3226.98	35.8392
3227.55	35.3668
3228.12	35.9196
3228.68	35.8091
3229.25	35.6985
3229.81	35.8191
3230.38	36.1306
3230.94	36.3015
3231.51	35.5377
3232.07	35.6281
3232.63	36.1307
3233.2	35.7085
3233.76	35.4271
3234.33	35.7387
3234.89	35.608
3235.45	35.0653
3236.02	35.2864
3236.58	35.6057
3237.14	35.4632
3237.71	35.4844
3238.27	35.9356
3238.83	35.5606
3239.4	35.5022
3239.96	35.2203
3240.52	35.4776
3241.08	35.5757
3241.64	35.5911
3242.2	35.3288
3242.77	35.4798
3243.33	35.3317
3243.89	35.0765
3244.45	35.3023
3245.01	35.449
3245.57	35.3539
3246.13	35.6369
3246.69	35.2796
3247.25	35.6043
3247.81	34.6612
3248.37	35.199
3248.93	35.1999
3249.49	35.0975
3250.05	35.5127
3250.61	35.1557
3251.17	35.2855
3251.73	35.4647
3252.29	35.6173
3252.85	35.6268
3253.41	35.6416
3253.96	35.3111
3254.52	35.0111
3255.08	35.3284
3255.64	35.036
3256.2	35.3884
3256.75	35.2258
3257.31	35.7098
3257.87	35.4559
3258.43	35.1196
3258.98	35.2542
3259.54	35.3208
3260.1	35.2537
3260.65	35.3703
3261.21	35.3231
3261.76	35.5154
3262.32	35.5228
3262.88	35.5793
3263.43	35.4012
3263.99	35.3565
3264.54	35.5694
3265.1	35.1707
3265.65	35.7802
3266.21	35.1958
3266.76	35.2262
3267.32	35.3461
3267.87	35.5589
3268.43	35.4778
3268.98	35.5816
3269.53	35.233
3270.09	35.615
3270.64	35.4804
3271.19	35.3608
3271.75	35.4993
3272.3	35.2131
3272.85	35.323
3273.41	35.0485
3273.96	35.0437
3274.51	34.8669
3275.06	35.3957
3275.62	35.7523
3276.17	35.5023
3276.72	34.9987
3277.27	35.3383
3277.82	35.2571
3278.37	34.9487
3278.93	35.2385
3279.48	35.432
3280.03	35.3274
3280.58	35.2945
3281.13	35.137
3281.68	35.4001
3282.23	35.3255
3282.78	35.6777
3283.33	35.0924
3283.88	34.6867
3284.43	35.0818
3284.98	35.2618
3285.53	35.1747
3286.08	34.709
3286.63	34.8933
3287.17	35.3797
3287.72	35.3939
3288.27	35.3768
3288.82	35.2934
3289.37	35.0169
3289.92	34.9674
3290.46	35.3139
3291.01	35.2005
3291.56	35.2204
3292.11	34.7884
3292.65	34.6632
3293.2	34.7926
3293.75	35.2292
3294.29	34.898
3294.84	34.8979
3295.39	35.1319
3295.62	35.2362
3296.21	34.7839
3296.79	35.5075
3297.37	35.3266
3297.96	34.7638
3298.54	35.397
3299.12	35.0251
3299.7	35.799
3300.29	35.7588
3300.87	34.995
3301.45	34.5126
3302.03	35.4573
3302.61	34.7337
3303.2	34.6734
3303.78	35.3668
3304.36	35.2663
3304.94	35.3869
3305.52	35.0251
3306.1	35.5779
3306.68	35.1357
3307.26	34.9246
3307.85	35.0653
3308.43	35.1759
3309.01	35.1156
3309.59	35.4774
3310.17	35.0251
3310.75	34.7437
3311.33	34.9246
3311.91	35.5879
3312.49	34.6834
3313.07	34.9648
3313.65	35.2161
3314.22	34.9447
3314.8	35.4975
3315.38	35.2362
3315.96	35.3769
3316.54	35.8693
3317.12	35.5276
3317.7	35.1558
3318.27	35.2864
3318.85	34.8442
3319.43	35.5679
3320.01	34.5427
3320.59	34.9749
3321.16	35.3467
3321.74	35.5075
3322.32	35.5477
3322.9	35.6784
3323.47	35.2764
3324.05	34.3317
3324.63	35.3367
3325.2	35.4573
3325.78	35.608
3326.35	35.3065
3326.93	35.3266
3327.51	35.1859
3328.08	35.7186
3328.66	35.2764
3329.23	35.799
3329.81	35.5879
3330.38	35.397
3330.96	35.7487
3331.53	34.9548
3332.11	35.407
3332.69	35.3467
3333.26	34.8945
3333.83	35.0251
3334.41	35.3166
3334.98	35.6281
3335.56	35.1156
3336.13	35.6281
3336.7	34.8442
3337.28	35.3668
3337.85	35.2864
3338.43	35.1357
3339	34.8442
3339.57	35.2261
3340.14	35.206
3340.72	35.5779
3341.29	35.2362
3341.86	35.1859
3342.43	34.6432
3343.01	35.196
3343.58	34.995
3344.15	35.2462
3344.72	35.3266
3345.29	34.8241
3345.87	34.794
3346.44	34.8945
3347.01	35.1256
3347.58	35.2462
3348.15	34.593
3348.72	35.407
3349.29	35.3869
3349.86	34.804
3350.43	35.397
3351	35.8995
3351.57	35.3568
3352.14	34.9749
3352.71	35.3568
3353.28	35.9095
3353.85	35.1256
3354.42	35.407
3354.99	35.608
3355.56	34.6734
3356.13	35.196
3356.7	35.4774
3357.27	35.2161
3357.84	35.196
3358.41	35.7588
3358.97	35.196
3359.54	35.3367
3360.11	35.608
3360.68	35.6985
3361.25	35.2764
3361.81	35.6784
3362.38	35.4774
3362.95	35.8291
3363.52	35.196
3364.08	35.3065
3364.65	34.9749
3365.22	35.4975
3365.78	35.4372
3366.35	34.8945
3366.92	35.1859
3367.48	35.4271
3368.05	35.3668
3368.62	35.1558
3369.18	35.3668
3369.75	35.005
3370.31	35.7287
3370.88	35.0352
3371.44	35.5578
3372.01	35.3568
3372.57	34.9045
3373.14	35.5377
3373.7	35.2161
3374.27	35.1156
3374.83	35.2965
3375.4	35.2663
3375.96	34.8643
3376.53	36.5327
3377.09	35.5377
3377.65	34.7739
3378.22	34.8141
3378.78	35.2864
3379.34	34.8543
3379.91	35.1558
3380.47	35.3568
3381.03	35.005
3381.6	35.1457
3382.16	35.397
3382.72	35.3065
3383.28	34.9648
3383.85	35.4673
3384.41	35.0251
3384.97	35.4472
3385.53	35.4573
3386.09	35.2362
3386.66	34.9648
3387.22	35.4774
3387.78	35.4673
3388.34	35.5276
3388.9	34.7437
3389.46	35.8995
3390.02	34.8945
3390.58	35.2864
3391.15	35.4472
3391.71	35.196
3392.27	35.6683
3392.83	35.397
3393.39	35.407
3393.95	35.1859
3394.51	34.2211
3395.07	35.206
3395.62	36
3396.18	35.397
3396.74	35.2362
3397.3	35.4171
3397.86	35.1055
3398.42	34.9045
3398.98	35.5176
3399.54	35.598
3400.09	35.6181
3400.65	35.7889
3401.21	35.2764
3401.77	35.2663
3402.33	34.9849
3402.88	36.2613
3403.44	35.1658
3404	34.8543
3404.56	34.995
3405.11	36.0804
3405.67	36.0402
3406.23	35.5678
3406.78	35.4171
3407.34	35.6382
3407.9	35.598
3408.45	36.1106
3409.01	35.0553
3409.57	35.0854
3410.12	34.5729
3410.68	36.5829
3411.23	36.2613
3411.79	33.7789
3412.34	34.6633
3412.9	34.9849
3413.45	35.1256
3414.01	35.1759
3414.56	35.7085
3415.12	35.2161
3415.67	35.5075
3416.23	34.6633
3416.78	35.387
3417.33	34.995
3417.89	35.196
3418.44	35.0754
3419	36.1508
3419.55	35.0854
3420.1	34.6533
3420.66	34.4322
3421.21	36.3216
3421.76	35.5075
3422.31	34.7136
3422.87	35.1859
3423.42	35.0955
3423.97	35.0251
3424.52	35.4975
3425.08	34.8442
3425.63	34.8241
3426.18	35.3467
3426.73	35.1156
3427.28	34.9246
3427.84	34.7638
3428.39	34.8442
3428.94	36.3316
3429.49	35.3568
3430.04	34.6734
3430.59	34.7136
3431.14	35.7588
3431.69	35.8693
3432.24	35.4472
3432.79	34.8543
3433.34	35.0653
3433.89	35.6281
3434.44	35.2764
3434.99	35.1859
3435.54	35.3769
3436.09	35.5176
3436.64	35.7387
3437.19	36.0301
3437.74	34.9347
3438.29	35.1558
3438.83	35.0251
3439.38	35.5678
3439.93	35.2563
3440.48	34.995
3441.03	35.2362
3441.58	34.794
3442.12	35.3869
3442.67	35.8493
3443.22	35.598
3443.77	35.005
3444.31	35.1658
3444.86	35.4472
3445.41	35.3065
3445.96	35.005
3446.5	35.7387
3447.05	35.5075
3447.59	35.8694
3448.14	35.0151
3448.69	35.4774
3449.23	35.8593
3449.78	35.3166
3450.32	35.4674
3450.87	35.7688
3451.42	36.3719
3451.96	35.7487
3452.51	35.9799
3453.05	35.0151
3453.6	35.3367
3454.14	35.6784
3454.69	36.0603
3455.23	34.3518
3455.77	34.9849
3456.32	35.5679
3456.86	35.4975
3457.41	35.0653
3457.95	35.1256
3458.49	35.5276
3459.04	35.5377
3459.58	35.9497
3460.13	34.8543
3460.67	34.8643
3461.21	35.3869
3461.75	35.4874
3462.3	35.5477
3462.84	35.4472
3463.38	35.4874
3463.92	35.7789
3464.47	35.5477
3465.01	35.8694
3465.55	35.7889
3466.09	35.5477
3466.63	36.1005
3467.17	35.3769
3467.72	35.5779
3468.26	35.4874
3468.8	35.608
3469.34	35.9196
3469.88	35.3166
3470.42	35.6985
3470.96	34.9246
3471.5	35.0452
3472.04	34.8141
3472.58	35.7889
3473.12	34.7839
3473.66	35.8894
3474.2	35.0955
3474.74	35.3066
3475.28	35.397
3475.82	35.3367
3476.36	35.598
3476.9	36.0201
3477.44	35.5477
3477.97	35.3166
3478.51	35.5779
3479.05	35.7789
3479.59	35.7186
3480.13	35.7789
3480.67	35.8593
3481.2	35.6784
3481.74	35.6784
3482.28	35.6784
3482.82	36.0301
3483.36	35.7085
3483.89	35.7186
3484.43	35.9598
3484.97	35.6583
3485.5	36.191
3486.04	36.3015
3486.58	35.6784
3487.11	35.6583
3487.65	36.0201
3488.19	35.5679
3488.72	35.9297
3489.26	35.9297
3489.79	35.5678
3490.33	36.1005
3490.86	35.4071
3491.4	36.2513
3491.93	36.2412
3492.47	35.7487
3493	36.3819
3493.54	35.9899
3494.07	35.9095
3494.61	36.6231
3495.14	36.2312
3495.68	36.3718
3496.21	35.9799
3496.74	36.1206
3497.28	35.9899
3497.81	35.8493
3498.34	36
3498.88	36.0703
3499.41	35.1558
3499.94	35.7588
3500.48	35.8492
3501.01	36.3618
3501.54	35.8693
3502.07	35.4874
3502.61	35.7086
3503.14	36.5025
3503.67	35.3065
3504.2	35.5176
3504.74	36.1407
3505.27	35.7588
3505.8	35.7689
3506.33	35.4975
3506.86	35.6684
3507.39	35.598
3507.92	36.01
3508.45	36.201
3508.98	35.6282
3509.52	35.7085
3510.05	36.0201
3510.58	35.8291
3511.11	36.1306
3511.64	36.1106
3512.17	35.2261
3512.7	35.4472
3513.23	35.6784
3513.76	35.5076
3514.28	36.2412
3514.81	35.4774
3515.34	35.0151
3515.87	35.5176
3516.4	35.8794
3516.93	35.2362
3517.46	35.6482
3517.99	36.0905
3518.51	35.3065
3519.04	35.8794
3519.57	34.794
3520.1	35.8995
3520.63	36.4321
3521.15	36.0704
3521.68	35.6181
3522.21	35.5176
3522.74	35.6683
3523.26	35.5075
3523.79	35.6382
3524.32	36.0904
3524.84	35.5477
3525.37	35.8693
3525.9	37.0854
3526.42	35.1859
3526.95	36.0804
3527.47	35.8191
3528	35.9196
3528.53	36.3618
3529.05	36.603
3529.58	35.9799
3530.1	36.0101
3530.63	35.5276
3531.15	36.0302
3531.68	36.0603
3532.2	36.2412
3532.73	36.4221
3533.25	36.0101
3533.77	36.3618
3534.3	36.3216
3534.82	36.4422
3535.35	36.3719
3535.87	36.3819
3536.39	36.191
3536.92	36.0704
3537.44	36.3216
3537.96	35.9297
3538.49	36.4724
3539.01	35.4774
3539.53	36.4422
3540.05	36.4221
3540.58	36.2613
3541.1	36.3517
3541.62	36.4623
3542.14	36.1608
3542.66	36.4824
3543.19	36.0101
3543.71	35.6382
3544.23	35.7085
3544.75	35.6684
3545.27	35.9095
3545.79	36.0603
3546.31	36.1307
3546.83	36.1508
3547.36	35.8392
3547.88	36.01
3548.4	35.9095
3548.92	35.6482
3549.44	36.3417
3549.96	35.7186
3550.48	35.6583
3551	35.5477
3551.52	35.6784
3552.04	35.6784
3552.55	35.598
3553.07	35.7588
3553.59	35.1357
3554.11	35.6985
3554.63	35.8593
3555.15	35.3568
3555.67	35.4472
3556.19	35.6884
3556.7	35.0653
3557.22	35.7789
3557.74	35.1658
3558.26	35.4272
3558.78	35.598
3559.29	35.6281
3559.81	35.397
3560.33	35.7688
3560.84	35.2664
3561.36	35.1055
3561.88	35.7085
3562.4	35.8191
3562.91	35.8392
3563.43	35.5276
3563.94	35.3467
3564.46	35.206
3564.98	35.8091
3565.49	35.9397
3566.01	34.9749
3566.52	35.6784
3567.04	35.2462
3567.55	35.8894
3568.07	35.7889
3568.58	36.2613
3569.1	37.387
3569.61	42.1105
3570.13	50.8241
3570.64	57.6684
3571.16	57.809
3571.67	54.9849
3572.19	50.6131
3572.7	46.1809
3573.21	38.3417
3573.73	35.7085
3574.24	35.5477
3574.75	35.1357
3575.27	35.2864
3575.78	35.9799
3576.29	35.397
3576.81	35.5779
3577.32	36.3316
3577.83	35.6985
3578.34	35.6482
3578.86	36.1106
3579.37	35.6382
3579.88	35.809
3580.39	35.8291
3580.9	36.0101
3581.41	36
3581.93	34.8945
3582.44	35.598
3582.95	35.2161
3583.46	36.2412
3583.97	35.99
3584.48	35.6282
3584.99	35.6583
3585.5	36.0201
3586.01	35.4875
3586.52	35.608
3587.03	35.3467
3587.54	35.1156
3588.05	35.7487
3588.56	35.598
3589.07	35.0653
3589.58	35.1256
3590.09	35.4171
3590.6	35.3869
3591.11	35.2663
3591.62	35.7186
3592.13	35.4171
3592.63	35.2261
3593.14	35.598
3593.65	35.4573
3594.16	35.4975
3594.67	35.7588
3595.18	35.1658
3595.68	35.5477
3596.19	35.598
3596.7	35.5176
3597.21	35.196
3597.71	34.5528
3598.22	35.4573
3598.73	35.0452
3599.23	35.3266
3599.74	34.9447
3600.25	35.5377
3600.75	35.3266
3601.26	34.8442
3601.77	35.3869
3602.27	34.6231
3602.78	35.0251
3603.28	35.4673
3603.79	35.6683
3604.29	35.206
3604.8	35.2965
3605.3	35.0352
3605.81	35.2161
3606.31	34.7136
3606.82	35.6784
3607.32	34.9849
3607.83	35.608
3608.33	35.598
3608.84	35.3367
3609.34	35.397
3609.84	35.6181
3610.35	35.1859
3610.85	34.8945
3611.35	35.5477
3611.86	35.5779
3612.36	35.0854
3612.86	35.2965
3613.37	35.3065
3613.87	35.1256
3614.37	35.3166
3614.88	35.4674
3615.38	34.9749
3615.88	35.6683
3616.38	35.2261
3616.88	34.7437
3617.39	35.1859
3617.89	35.6282
3618.39	35.5277
3618.89	36.0302
3619.39	35.7085
3619.89	35.5276
3620.39	35.3568
3620.89	35.6181
3621.4	35.6985
3621.9	35.4372
3622.4	35.397
3622.9	35.6382
3623.4	35.789
3623.9	35.6181
3624.4	35.5678
3624.9	36.2814
3625.4	35.3668
3625.9	34.7437
3626.4	35.3367
3626.89	35.2462
3627.39	35.0754
3627.89	35.7186
3628.39	34.9749
3628.89	34.794
3629.39	35.9196
3629.89	34.9347
3630.38	35.6382
3630.88	35.6884
3631.38	35.3668
3631.88	35.608
3632.38	35.5176
3632.87	35.7488
3633.37	35.598
3633.87	35.2261
3634.37	35.4071
3634.86	35.5879
3635.36	34.9849
3635.86	35.1457
3636.35	35.0754
3636.85	35.1759
3637.35	35.1457
3637.84	34.6432
3638.34	35.2864
3638.83	34.6231
3639.33	34.9548
3639.83	35.1658
3640.32	34.8543
3640.82	34.9548
3641.31	35.2362
3641.81	34.8141
3642.3	35.3166
3642.8	35.2764
3643.29	34.5226
3643.79	35.0854
3644.28	34.5327
3644.77	35.0452
3645.27	35.0854
3645.76	34.8342
3646.26	35.4171
3646.75	35.2864
3647.24	35.2161
3647.74	35.3266
3648.23	34.8945
3648.72	35.5276
3649.22	35.2261
3649.71	34.8945
3650.2	34.804
3650.7	35.4975
3651.19	34.7035
3651.68	34.7337
3652.17	34.9045
3652.66	35.1658
3653.16	34.7337
3653.65	35.5578
3654.14	34.6633
3654.63	34.9749
3655.12	34.6935
3655.61	35.2362
3656.11	35.3668
3656.6	35.1658
3657.09	35.5578
3657.58	35.0452
3658.07	35.005
3658.56	34.6231
3659.05	35.2161
3659.54	35.5879
3660.03	34.8844
3660.52	35.3869
3661.01	35.1759
3661.5	35.3166
3661.99	35.2362
3662.48	34.9246
3662.97	35.4975
3663.46	35.2563
3663.94	35.5678
3664.43	35.2362
3664.92	35.005
3665.41	35.3668
3665.9	35.1055
3666.39	35.1658
3666.88	35.3166
3667.36	35.2965
3667.85	35.206
3668.34	35.6382
3668.83	35.3668
3669.31	35.0653
3669.8	35.5276
3670.29	35.8492
3670.77	35.4874
3671.26	35.4271
3671.75	34.402
3672.24	35.0754
3672.72	35.4774
3673.21	34.7035
3673.69	34.8141
3674.18	35.397
3674.67	35.4171
3675.15	35.005
3675.64	34.9045
3676.12	34.9648
3676.61	34.8945
3677.09	34.9749
3677.58	35.3166
3678.06	34.8141
3678.55	34.603
3679.03	35.6281
3679.52	34.794
3680	35.3367
3680.49	35.0251
3680.97	35.0151
3681.45	34.4322
3681.94	34.7136
3682.42	34.8442
3682.91	34.6533
3683.39	35.7789
3683.87	34.5025
3684.36	34.8844
3684.84	35.1658
3685.32	35.4573
3685.8	34.7739
3686.29	35.0151
3686.77	34.5327
3687.25	35.196
3687.73	34.5528
3688.22	35.196
3688.7	35.2261
3689.18	35.2161
3689.66	34.8543
3690.14	35.005
3690.63	34.9648
3691.11	34.5528
3691.59	35.5075
3692.07	35.0653
3692.55	34.6935
3693.03	34.4322
3693.51	34.9447
3693.99	34.2915
3694.47	34.593
3694.95	35.4171
3695.43	34.804
3695.91	34.3518
3696.39	35.1357
3696.87	34.7337
3697.35	34.9447
3697.83	34.9447
3698.31	35.1658
3698.79	34.6733
3699.27	34.7538
3699.75	34.8342
