3996.4467823711,0.0072484016
3994.5179953140,0.0072968886
3992.5892082568,0.0073445388
3990.6604211997,0.0073520686
3988.7316341426,0.0073120259
3986.8028470854,0.0072722761
3984.8740600283,0.0072464012
3982.9452729712,0.0072013936
3981.0164859141,0.0071466276
3979.0876988569,0.0071231816
3977.1589117998,0.0071216025
3975.2301247427,0.0070903166
3973.3013376855,0.0070886323
3971.3725506284,0.0072047887
3969.4437635713,0.0073321126
3967.5149765142,0.0073560444
3965.5861894570,0.0073235566
3963.6574023999,0.0072719604
3961.7286153428,0.0071834712
3959.7998282856,0.0071084457
3957.8710412285,0.0071174712
3955.9422541714,0.0071759177
3954.0134671143,0.0071996832
3952.0846800571,0.0071838396
3950.1558930000,0.0071335491
3948.2271059429,0.0070611374
3946.2983188857,0.0070590326
3944.3695318286,0.0070788707
3942.4407447715,0.0070603741
3940.5119577144,0.0070961053
3938.5831706572,0.0071461014
3936.6543836001,0.0071720495
3934.7255965430,0.0072141062
3932.7968094858,0.0071968143
3930.8680224287,0.0071359966
3928.9392353716,0.0071884715
3927.0104483145,0.0072578248
3925.0816612573,0.0071549173
3923.1528742002,0.0069945776
3921.2240871431,0.0069484124
3919.2953000859,0.0069556986
3917.3665130288,0.0069404426
3915.4377259717,0.0069392323
3913.5089389146,0.0070148599
3911.5801518574,0.0071134190
3909.6513648003,0.0072057629
3907.7225777432,0.0072894390
3905.7937906860,0.0072173695
3903.8650036289,0.0069552516
3901.9362165718,0.0067283609
3900.0074295147,0.0066195596
3898.0786424575,0.0066982862
3896.1498554004,0.0069256080
3894.2210683433,0.0070470613
3892.2922812861,0.0069108792
3890.3634942290,0.0068371892
3888.4347071719,0.0069839759
3886.5059201148,0.0069751902
3884.5771330576,0.0068534673
3882.6483460005,0.0069020945
3880.7195589434,0.0068837106
3878.7907718862,0.0069097215
3876.8619848291,0.0070712669
3874.9331977720,0.0070603741
3873.0044107148,0.0068782931
3871.0756236577,0.0065985597
3869.1468366006,0.0063686240
3867.2180495435,0.0064696902
3865.2892624863,0.0065898076
3863.3604754292,0.0065992954
3861.4316883721,0.0067384299
3859.5029013149,0.0069176909
3857.5741142578,0.0069680880
3855.6453272007,0.0066843536
3853.7165401436,0.0058998559
3851.7877530864,0.0057083718
3849.8589660293,0.0061930032
3847.9301789722,0.0066155382
3846.0013919150,0.0068118661
3844.0726048579,0.0067956690
3842.1438178008,0.0066504702
3840.2150307437,0.0064163301
3838.2862436865,0.0061931345
3836.3574566294,0.0062427381
3834.4286695723,0.0063971789
3832.4998825151,0.0064376630
3830.5710954580,0.0064915251
3828.6423084009,0.0066061816
3826.7135213438,0.0067063305
3824.7847342866,0.0068434482
3822.8559472295,0.0067852563
3820.9271601724,0.0063998057
3818.9983731152,0.0063539669
3817.0695860581,0.0064348779
3815.1407990010,0.0064293607
3813.2120119439,0.0066523626
3811.2832248867,0.0068765571
3809.3544378296,0.0068450784
3807.4256507725,0.0065947487
3805.4968637153,0.0065483106
3803.5680766582,0.0066184821
3801.6392896011,0.0063516027
3799.7105025440,0.0062336521
3797.7817154868,0.0063814172
3795.8529284297,0.0064517716
3793.9241413726,0.0065869428
3791.9953543154,0.0067607253
3790.0665672583,0.0068555712
3788.1377802012,0.0068863933
3786.2089931441,0.0068025840
3784.2802060869,0.0067159785
3782.3514190298,0.0067874915
3780.4226319727,0.0068213325
3778.4938449155,0.0067647742
3776.5650578584,0.0068253824
3774.6362708013,0.0069336565
3772.7074837441,0.0068973606
3770.7786966870,0.0066578565
3768.8499096299,0.0065080789
3766.9211225728,0.0065953005
3764.9923355156,0.0067050159
3763.0635484585,0.0067851511
3761.1347614014,0.0067185811
3759.2059743442,0.0064507206
3757.2771872871,0.0063291709
3755.3484002300,0.0064106029
3753.4196131729,0.0063237338
3751.4908261157,0.0057811881
3749.5620390586,0.0054592467
3747.6332520015,0.0057775942
3745.7044649443,0.0060361675
3743.7756778872,0.0060268762
3741.8468908301,0.0062054493
3739.9181037730,0.0065211914
3737.9893167158,0.0066343048
3736.0605296587,0.0063399137
3734.1317426016,0.0060580331
3732.2029555444,0.0063243117
3730.2741684873,0.0067859925
3728.3453814302,0.0070501924
3726.4165943731,0.0070943157
3724.4878073159,0.0070643737
3722.5590202588,0.0069374964
3720.6302332017,0.0067679556
3718.7014461445,0.0067402441
3716.7726590874,0.0067909886
3714.8438720303,0.0067623551
3712.9150849732,0.0064768372
3710.9862979160,0.0060909777
3709.0575108589,0.0062036114
3707.1287238018,0.0066061551
3705.1999367446,0.0068896017
3703.2711496875,0.0068626977
3701.3423626304,0.0066722874
3699.4135755733,0.0066877445
3697.4847885161,0.0068336921
3695.5560014590,0.0069214785
3693.6272144019,0.0068697194
3691.6984273447,0.0065631852
3689.7696402876,0.0060854121
3687.8408532305,0.0060163508
3685.9120661734,0.0062942910
3683.9832791162,0.0065004854
3682.0544920591,0.0065421090
3680.1257050020,0.0064780195
3678.1969179448,0.0063237338
3676.2681308877,0.0059344149
3674.3393438306,0.0057399785
3672.4105567735,0.0058963131
3670.4817697163,0.0057910257
3668.5529826592,0.0057306928
3666.6241956021,0.0060583744
3664.6954085449,0.0063591939
3662.7666214878,0.0064876624
3660.8378344307,0.0065452359
3658.9090473735,0.0065607936
3656.9802603164,0.0064323824
3655.0514732593,0.0063228146
3653.1226862022,0.0064009354
3651.1938991450,0.0063241543
3649.2651120879,0.0058305352
3647.3363250308,0.0056830095
3645.4075379736,0.0060287919
3643.4787509165,0.0063938689
3641.5499638594,0.0066249738
3639.6211768023,0.0067520752
3637.6923897451,0.0068667741
3635.7636026880,0.0069979182
3633.8348156309,0.0071287076
3631.9060285737,0.0071883663
3629.9772415166,0.0069691399
3628.0484544595,0.0067349332
3626.1196674024,0.0069706659
3624.1908803452,0.0072603254
3622.2620932881,0.0073368251
3620.3333062310,0.0071487329
3618.4045191738,0.0069583813
3616.4757321167,0.0070536388
3614.5469450596,0.0071557593
3612.6181580025,0.0072213965
3610.6893709453,0.0074481764
3608.7605838882,0.0076646409
3606.8317968311,0.0077690659
3604.9030097739,0.0079393676
3602.9742227168,0.0080957310
3601.0454356597,0.0080934372
3599.1166486026,0.0080694119
3597.1878615454,0.0081224479
3595.2590744883,0.0081673404
3593.3302874312,0.0082546584
3591.4015003740,0.0084274467
3589.4727133169,0.0084987404
3587.5439262598,0.0083404370
3585.6151392027,0.0083242347
3583.6863521455,0.0085856495
3581.7575650884,0.0088364165
3579.8287780313,0.0089361295
3577.8999909741,0.0089570051
3575.9712039170,0.0090189772
3574.0424168599,0.0091686444
3572.1136298028,0.0094196694
3570.1848427456,0.0096862707
3568.2560556885,0.0097259777
3566.3272686314,0.0095782615
3564.3984815742,0.0096711041
3562.4696945171,0.0099251205
3560.5409074600,0.0101171480
3558.6121204028,0.0102359727
3556.6833333457,0.0103936698
3554.7545462886,0.0106082391
3552.8257592315,0.0107646119
3550.8969721743,0.0108904354
3548.9681851172,0.0110719232
3547.0393980601,0.0112220608
3545.1106110029,0.0113106593
3543.1818239458,0.0114392731
3541.2530368887,0.0116385119
3539.3242498316,0.0118431896
3537.3954627744,0.0119762709
3535.4666757173,0.0120768147
3533.5378886602,0.0122668138
3531.6091016030,0.0125297867
3529.6803145459,0.0127459476
3527.7515274888,0.0129270665
3525.8227404317,0.0131051922
3523.8939533745,0.0132178990
3521.9651663174,0.0133488933
3520.0363792603,0.0135755306
3518.1075922031,0.0138045307
3516.1788051460,0.0139936302
3514.2500180889,0.0141837746
3512.3212310318,0.0143633271
3510.3924439746,0.0145075144
3508.4636569175,0.0146952868
3506.5348698604,0.0149533311
3504.6060828032,0.0151308160
3502.6772957461,0.0152305914
3500.7485086890,0.0154616740
3498.8197216319,0.0157601945
3496.8909345747,0.0159700476
3494.9621475176,0.0161744133
3493.0333604605,0.0164407045
3491.1045734033,0.0166722964
3489.1757863462,0.0168296583
3487.2469992891,0.0170175489
3485.3182122320,0.0172823388
3483.3894251748,0.0175368581
3481.4606381177,0.0177548788
3479.5318510606,0.0180222224
3477.6030640034,0.0183550492
3475.6742769463,0.0186569169
3473.7454898892,0.0188969672
3471.8167028321,0.0191306584
3469.8879157749,0.0193594955
3467.9591287178,0.0195710957
3466.0303416607,0.0197955854
3464.1015546035,0.0200223327
3462.1727675464,0.0202347171
3460.2439804893,0.0205025617
3458.3151934322,0.0208085328
3456.3864063750,0.0210507829
3454.4576193179,0.0212722328
3452.5288322608,0.0215614196
3450.6000452036,0.0218672678
3448.6712581465,0.0220703688
3446.7424710894,0.0222169477
3444.8136840322,0.0224452373
3442.8848969751,0.0226900913
3440.9561099180,0.0228909310
3439.0273228609,0.0231206398
3437.0985358037,0.0233715568
3435.1697487466,0.0235864334
3433.2409616895,0.0237899851
3431.3121746323,0.0240497161
3429.3833875752,0.0243604444
3427.4546005181,0.0245921370
3425.5258134610,0.0247078091
3423.5970264038,0.0248688217
3421.6682393467,0.0251239352
3419.7394522896,0.0253929459
3417.8106652324,0.0256669018
3415.8818781753,0.0258972310
3413.9530911182,0.0260599498
3412.0243040611,0.0262510534
3410.0955170039,0.0265049152
3408.1667299468,0.0267629996
3406.2379428897,0.0269641634
3404.3091558325,0.0270825624
3402.3803687754,0.0271818712
3400.4515817183,0.0273502544
3398.5227946612,0.0275372379
3396.5940076040,0.0276561249
3394.6652205469,0.0277602822
3392.7364334898,0.0279176291
3390.8076464326,0.0281371400
3388.8788593755,0.0284076389
3386.9500723184,0.0286371876
3385.0212852613,0.0287596118
3383.0924982041,0.0288760960
3381.1637111470,0.0290738959
3379.2349240899,0.0292821974
3377.3061370327,0.0294565503
3375.3773499756,0.0296610985
3373.4485629185,0.0298927799
3371.5197758614,0.0300727058
3369.5909888042,0.0301978122
3367.6622017471,0.0303406641
3365.7334146900,0.0305326600
3363.8046276328,0.0307421908
3361.8758405757,0.0309438985
3359.9470535186,0.0311795212
3358.0182664615,0.0314864032
3356.0894794043,0.0317825861
3354.1606923472,0.0320099667
3352.2319052901,0.0322420709
3350.3031182329,0.0324991234
3348.3743311758,0.0327419825
3346.4455441187,0.0329997241
3344.5167570615,0.0332767889
3342.5879700044,0.0335165337
3340.6591829473,0.0337038971
3338.7303958902,0.0338329077
3336.8016088330,0.0338916779
3334.8728217759,0.0339261293
3332.9440347188,0.0339727364
3331.0152476616,0.0340107791
3329.0864606045,0.0340138003
3327.1576735474,0.0339775495
3325.2288864903,0.0339353122
3323.3000994331,0.0339023694
3321.3713123760,0.0338326581
3319.4425253189,0.0337085128
3317.5137382617,0.0335673727
3315.5849512046,0.0334513560
3313.6561641475,0.0333647504
3311.7273770904,0.0332835540
3309.7985900332,0.0332024023
3307.8698029761,0.0331267677
3305.9410159190,0.0330995843
3304.0122288618,0.0331360996
3302.0834418047,0.0331576951
3300.1546547476,0.0331289731
3298.2258676905,0.0330858976
3296.2970806333,0.0330479331
3294.3682935762,0.0329862349
3292.4395065191,0.0329282321
3290.5107194619,0.0329670496
3288.5819324048,0.0330347791
3286.6531453477,0.0330212303
3284.7243582906,0.0329763480
3282.7955712334,0.0329566859
3280.8667841763,0.0329377800
3278.9379971192,0.0328724980
3277.0092100620,0.0327380188
3275.0804230049,0.0325709395
3273.1516359478,0.0324345455
3271.2228488907,0.0323339477
3269.2940618335,0.0322126858
3267.3652747764,0.0320237912
3265.4364877193,0.0318043940
3263.5077006621,0.0316289850
3261.5789136050,0.0314437374
3259.6501265479,0.0311776847
3257.7213394908,0.0309064854
3255.7925524336,0.0306723733
3253.8637653765,0.0304200351
3251.9349783194,0.0301374868
3250.0061912622,0.0298851263
3248.0774042051,0.0296870414
3246.1486171480,0.0294449423
3244.2198300909,0.0291170198
3242.2910430337,0.0288116969
3240.3622559766,0.0285633672
3238.4334689195,0.0283451304
3236.5046818623,0.0281800888
3234.5758948052,0.0280378908
3232.6471077481,0.0278349053
3230.7183206909,0.0275651775
3228.7895336338,0.0273196269
3226.8607465767,0.0271433182
3224.9319595196,0.0269867778
3223.0031724624,0.0267916322
3221.0743854053,0.0265223868
3219.1455983482,0.0262390357
3217.2168112910,0.0260326564
3215.2880242339,0.0258561838
3213.3592371768,0.0256497115
3211.4304501197,0.0254410580
3209.5016630625,0.0252534673
3207.5728760054,0.0250881426
3205.6440889483,0.0249123815
3203.7153018911,0.0247160308
3201.7865148340,0.0245536231
3199.8577277769,0.0244069919
3197.9289407198,0.0241986066
3196.0001536626,0.0239692591
3194.0713666055,0.0238177944
3192.1425795484,0.0237146057
3190.2137924912,0.0235637762
3188.2850054341,0.0233621597
3186.3562183770,0.0231771842
3184.4274313199,0.0230336655
3182.4986442627,0.0229037292
3180.5698572056,0.0227501541
3178.6410701485,0.0225423444
3176.7122830913,0.0223224517
3174.7834960342,0.0221607741
3172.8547089771,0.0220312346
3170.9259219200,0.0219029579
3168.9971348628,0.0217895266
3167.0683478057,0.0216597989
3165.1395607486,0.0214926265
3163.2107736914,0.0213297885
3161.2819866343,0.0211799480
3159.3531995772,0.0210149977
3157.4244125201,0.0208438113
3155.4956254629,0.0206856672
3153.5668384058,0.0205579251
3151.6380513487,0.0204832666
3149.7092642915,0.0204005912
3147.7804772344,0.0202231091
3145.8516901773,0.0200098902
3143.9229031202,0.0198614802
3141.9941160630,0.0197629128
3140.0653290059,0.0196561050
3138.1365419488,0.0195314791
3136.2077548916,0.0194176640
3134.2789678345,0.0193061251
3132.3501807774,0.0191656929
3130.4213937202,0.0190099161
3128.4926066631,0.0188694447
3126.5638196060,0.0187731273
3124.6350325489,0.0186939128
3122.7062454917,0.0185572430
3120.7774584346,0.0183798652
3118.8486713775,0.0182342250
3116.9198843203,0.0181521643
3114.9910972632,0.0181157552
3113.0623102061,0.0180585701
3111.1335231490,0.0179418493
3109.2047360918,0.0177980009
3107.2759490347,0.0176783837
3105.3471619776,0.0176048931
3103.4183749204,0.0175297428
3101.4895878633,0.0174102802
3099.5608008062,0.0172767360
3097.6320137491,0.0171406474
3095.7032266919,0.0169983823
3093.7744396348,0.0168798193
3091.8456525777,0.0167951081
3089.9168655205,0.0167271756
3087.9880784634,0.0166616719
3086.0592914063,0.0166054312
3084.1305043492,0.0165560544
3082.2017172920,0.0164657887
3080.2729302349,0.0163347926
3078.3441431778,0.0162537880
3076.4153561206,0.0162362400
3074.4865690635,0.0161812380
3072.5577820064,0.0160613656
3070.6289949493,0.0159320477
3068.7002078921,0.0158265289
3066.7714208350,0.0157419965
3064.8426337779,0.0156459678
3062.9138467207,0.0155606661
3060.9850596636,0.0155511415
3059.0562726065,0.0155682322
3057.1274855494,0.0155008119
3055.1986984922,0.0153620066
3053.2699114351,0.0152605390
3051.3411243780,0.0152269453
3049.4123373208,0.0151966512
3047.4835502637,0.0151103390
3045.5547632066,0.0149742840
3043.6259761495,0.0148557629
3041.6971890923,0.0147900870
3039.7684020352,0.0147325080
3037.8396149781,0.0146514820
3035.9108279209,0.0145816337
3033.9820408638,0.0145458169
3032.0532538067,0.0145105384
3030.1244667496,0.0144605441
3028.1956796924,0.0144108487
3026.2668926353,0.0143568255
3024.3381055782,0.0143016577
3022.4093185210,0.0142510710
3020.4805314639,0.0141865294
3018.5517444068,0.0141050434
3016.6229573496,0.0140282251
3014.6941702925,0.0139824823
3012.7653832354,0.0139788203
3010.8365961783,0.0139696244
3008.9078091211,0.0139108440
3006.9790220640,0.0138307996
3005.0502350069,0.0137537895
3003.1214479497,0.0136905769
3001.1926608926,0.0136653855
2999.2638738355,0.0136672016
2997.3350867784,0.0136641562
2995.4062997212,0.0136398217
2993.4775126641,0.0136095574
2991.5487256070,0.0135897398
2989.6199385498,0.0135663161
2987.6911514927,0.0135463662
2985.7623644356,0.0135341883
2983.8335773785,0.0135228662
2981.9047903213,0.0135511737
2979.9760032642,0.0136125758
2978.0472162071,0.0136466864
2976.1184291499,0.0136785815
2974.1896420928,0.0137534952
2972.2608550357,0.0138404202
2970.3320679786,0.0139161097
2968.4032809214,0.0139873745
2966.4744938643,0.0140307387
2964.5457068072,0.0140173435
2962.6169197500,0.0139769493
2960.6881326929,0.0139692770
2958.7593456358,0.0140234130
2956.8305585787,0.0141342990
2954.9017715215,0.0143005876
2952.9729844644,0.0145325940
2951.0441974073,0.0147806332
2949.1154103501,0.0149800451
2947.1866232930,0.0151524479
2945.2578362359,0.0153085077
2943.3290491788,0.0154154040
2941.4002621216,0.0154773127
2939.4714750645,0.0155154858
2937.5426880074,0.0155557021
2935.6139009502,0.0156151084
2933.6851138931,0.0156872701
2931.7563268360,0.0157553628
2929.8275397789,0.0157885421
2927.8987527217,0.0158093739
2925.9699656646,0.0158902667
2924.0411786075,0.0160294566
2922.1123915503,0.0161946453
2920.1836044932,0.0164232831
2918.2548174361,0.0167747401
2916.3260303789,0.0172362253
2914.3972433218,0.0177315809
2912.4684562647,0.0181968361
2910.5396692076,0.0185755882
2908.6108821504,0.0188702829
2906.6820950933,0.0191638246
2904.7533080362,0.0194624122
2902.8245209790,0.0197102763
2900.8957339219,0.0199067891
2898.9669468648,0.0200627241
2897.0381598077,0.0201871768
2895.1093727505,0.0202839170
2893.1805856934,0.0203333106
2891.2517986363,0.0203432404
2889.3230115791,0.0203340165
2887.3942245220,0.0203089248
2885.4654374649,0.0202766750
2883.5366504078,0.0202450771
2881.6078633506,0.0201921668
2879.6790762935,0.0200937670
2877.7502892364,0.0200080741
2875.8215021792,0.0199799668
2873.8927151221,0.0199296083
2871.9639280650,0.0198176391
2870.0351410079,0.0196834877
2868.1063539507,0.0195257403
2866.1775668936,0.0193389263
2864.2487798365,0.0191455111
2862.3199927793,0.0189566426
2860.3912057222,0.0187420715
2858.4624186651,0.0184528120
2856.5336316080,0.0181146767
2854.6048445508,0.0178177953
2852.6760574937,0.0176012795
2850.7472704366,0.0174717996
2848.8184833794,0.0174326189
2846.8896963223,0.0174126513
2844.9609092652,0.0173418187
2843.0321222081,0.0172628369
2841.1033351509,0.0172223542
2839.1745480938,0.0171696767
2837.2457610367,0.0170651469
2835.3169739795,0.0169605892
2833.3881869224,0.0168813262
2831.4593998653,0.0167695750
2829.5306128082,0.0166011006
2827.6018257510,0.0164340381
2825.6730386939,0.0163123216
2823.7442516368,0.0162128620
2821.8154645796,0.0161188524
2819.8866775225,0.0160541665
2817.9578904654,0.0160134751
2816.0291034083,0.0159624200
2814.1003163511,0.0158877969
2812.1715292940,0.0157927033
2810.2427422369,0.0156998038
2808.3139551797,0.0156358778
2806.3851681226,0.0155826677
2804.4563810655,0.0155114355
2802.5275940083,0.0154380156
2800.5988069512,0.0153889060
2798.6700198941,0.0153606925
2796.7412328370,0.0153344115
2794.8124457798,0.0152851259
2792.8836587227,0.0152175622
2790.9548716656,0.0151697909
2789.0260846084,0.0151313255
2787.0972975513,0.0150733795
2785.1685104942,0.0150152538
2783.2397234371,0.0149758114
2781.3109363799,0.0149520459
2779.3821493228,0.0149272364
2777.4533622657,0.0148978736
2775.5245752085,0.0148765231
2773.5957881514,0.0148449680
2771.6670010943,0.0147986840
2769.7382140372,0.0147638144
2767.8094269800,0.0147254383
2765.8806399229,0.0146694211
2763.9518528658,0.0146398889
2762.0230658086,0.0146566229
2760.0942787515,0.0146708665
2758.1654916944,0.0146375597
2756.2367046373,0.0145761725
2754.3079175801,0.0145486277
2752.3791305230,0.0145668304
2750.4503434659,0.0145754227
2748.5215564087,0.0145588797
2746.5927693516,0.0145573812
2744.6639822945,0.0145698553
2742.7351952374,0.0145696942
2740.8064081802,0.0145639656
2738.8776211231,0.0145479050
2736.9488340660,0.0144918300
2735.0200470088,0.0144023662
2733.0912599517,0.0143382037
2731.1624728946,0.0143475141
2729.2336858375,0.0144065944
2727.3048987803,0.0144536663
2725.3761117232,0.0144598745
2723.4473246661,0.0144391609
2721.5185376089,0.0143978707
2719.5897505518,0.0143382838
2717.6609634947,0.0142975645
2715.7321764376,0.0142850177
2713.8033893804,0.0142634567
2711.8746023233,0.0142280143
2709.9458152662,0.0141922003
2708.0170282090,0.0141584212
2706.0882411519,0.0141340848
2704.1594540948,0.0141109535
2702.2306670376,0.0140786786
2700.3018799805,0.0140482774
2698.3730929234,0.0140332244
2696.4443058663,0.0140391607
2694.5155188091,0.0140475025
2692.5867317520,0.0140222367
2690.6579446949,0.0139615778
2688.7291576377,0.0139076905
2686.8003705806,0.0138820857
2684.8715835235,0.0138696041
2682.9427964664,0.0138812037
2681.0140094092,0.0139224716
2679.0852223521,0.0139418505
2677.1564352950,0.0138960900
2675.2276482378,0.0138099557
2673.2988611807,0.0137503957
2671.3700741236,0.0137484185
2669.4412870665,0.0137677900
2667.5125000093,0.0137621257
2665.5837129522,0.0137347393
2663.6549258951,0.0137269907
2661.7261388379,0.0137594268
2659.7973517808,0.0138212591
2657.8685647237,0.0138870301
2655.9397776666,0.0139208408
2654.0109906094,0.0139125818
2652.0822035523,0.0138738807
2650.1534164952,0.0138093950
2648.2246294380,0.0137545103
2646.2958423809,0.0137330024
2644.3670553238,0.0136913778
2642.4382682667,0.0136234742
2640.5094812095,0.0136028267
2638.5806941524,0.0136224590
2636.6519070953,0.0135944933
2634.7231200381,0.0135017959
2632.7943329810,0.0134142451
2630.8655459239,0.0133640822
2628.9367588668,0.0133209182
2627.0079718096,0.0132668698
2625.0791847525,0.0132058635
2623.1503976954,0.0131479334
2621.2216106382,0.0130940406
2619.2928235811,0.0130420476
2617.3640365240,0.0130059309
2615.4352494669,0.0129991556
2613.5064624097,0.0129988361
2611.5776753526,0.0129469344
2609.6488882955,0.0128569352
2607.7201012383,0.0128100086
2605.7913141812,0.0128130754
2603.8625271241,0.0128280856
2601.9337400670,0.0128301121
2600.0049530098,0.0127788698
2598.0761659527,0.0126894386
2596.1473788956,0.0126424776
2594.2185918384,0.0126431175
2592.2898047813,0.0126155615
2590.3610177242,0.0125455074
2588.4322306670,0.0125114033
2586.5034436099,0.0125526479
2584.5746565528,0.0125883538
2582.6458694957,0.0125689283
2580.7170824385,0.0125593096
2578.7882953814,0.0125731919
2576.8595083243,0.0125387125
2574.9307212671,0.0124575356
2573.0019342100,0.0124066845
2571.0731471529,0.0123781580
2569.1443600958,0.0123420162
2567.2155730386,0.0123579958
2565.2867859815,0.0123994388
2563.3579989244,0.0123752011
2561.4292118672,0.0123128546
2559.5004248101,0.0122785829
2557.5716377530,0.0122821517
2555.6428506959,0.0122832432
2553.7140636387,0.0122522749
2551.7852765816,0.0122183273
2549.8564895245,0.0122029120
2547.9277024673,0.0121974014
2545.9989154102,0.0122100739
2544.0701283531,0.0122453254
2542.1413412960,0.0122756809
2540.2125542388,0.0122865979
2538.2837671817,0.0122695565
2536.3549801246,0.0121999839
2534.4261930674,0.0121285850
2532.4974060103,0.0121306088
2530.5686189532,0.0121619133
2528.6398318961,0.0121591985
2526.7110448389,0.0121572288
2524.7822577818,0.0121890949
2522.8534707247,0.0122014210
2520.9246836675,0.0121438121
2518.9958966104,0.0120810466
2517.0671095533,0.0121020740
2515.1383224962,0.0121425074
2513.2095354390,0.0121035371
2511.2807483819,0.0120585030
2509.3519613248,0.0120778261
2507.4231742676,0.0120763090
2505.4943872105,0.0120130209
2503.5656001534,0.0119831366
2501.6368130963,0.0120408041
2499.7080260391,0.0121124014
2497.7792389820,0.0121276807
2495.8504519249,0.0120799020
2493.9216648677,0.0119936746
2491.9928778106,0.0119289346
2490.0640907535,0.0119272592
2488.1353036963,0.0119384602
2486.2065166392,0.0118854884
2484.2777295821,0.0118139023
2482.3489425250,0.0118161896
2480.4201554678,0.0118702175
2478.4913684107,0.0119078625
2476.5625813536,0.0119037926
2474.6337942964,0.0118850358
2472.7050072393,0.0119038718
2470.7762201822,0.0119252102
2468.8474331251,0.0118855415
2466.9186460679,0.0118378159
2464.9898590108,0.0118342247
2463.0610719537,0.0118631143
2461.1322848965,0.0119398972
2459.2034978394,0.0120249959
2457.2747107823,0.0120350560
2455.3459237252,0.0119826840
2453.4171366680,0.0119495289
2451.4883496109,0.0119716944
2449.5595625538,0.0119821783
2447.6307754966,0.0119322073
2445.7019884395,0.0119043505
2443.7732013824,0.0119504873
2441.8444143253,0.0119727850
2439.9156272681,0.0119237732
2437.9868402110,0.0119002275
2436.0580531539,0.0119184786
2434.1292660967,0.0118956240
2432.2004790396,0.0118222283
2430.2716919825,0.0117506525
2428.3429049254,0.0117223021
2426.4141178682,0.0117235789
2424.4853308111,0.0117050167
2422.5565437540,0.0116831306
2420.6277566968,0.0117005222
2418.6989696397,0.0117119038
2416.7701825826,0.0116708456
2414.8413955255,0.0116126677
2412.9126084683,0.0115860282
2410.9838214112,0.0115952007
2409.0550343541,0.0115670729
2407.1262472969,0.0114706345
2405.1974602398,0.0114087639
2403.2686731827,0.0114194201
2401.3398861256,0.0114140520
2399.4110990684,0.0113799572
2397.4823120113,0.0114029702
2395.5535249542,0.0114869541
2393.6247378970,0.0115327537
2391.6959508399,0.0115262410
2389.7671637828,0.0115833431
2387.8383767257,0.0117552532
2385.9095896685,0.0119918380
2383.9808026114,0.0123301381
2382.0520155543,0.0128631210
2380.1232284971,0.0135308504
2378.1944414400,0.0141902743
2376.2656543829,0.0148640135
2374.3368673257,0.0156961791
2372.4080802686,0.0166719481
2370.4792932115,0.0176009033
2368.5505061544,0.0184420086
2366.6217190972,0.0193042569
2364.6929320401,0.0200513396
2362.7641449830,0.0205540974
2360.8353579258,0.0208493248
2358.9065708687,0.0206922926
2356.9777838116,0.0199280102
2355.0489967545,0.0187941305
2353.1202096973,0.0175500922
2351.1914226402,0.0166119393
2349.2626355831,0.0163728520
2347.3338485259,0.0168304108
2345.4050614688,0.0176064018
2343.4762744117,0.0180569775
2341.5474873546,0.0180861503
2339.6187002974,0.0179819390
2337.6899132403,0.0177836269
2335.7611261832,0.0175396353
2333.8323391260,0.0173533503
2331.9035520689,0.0172057915
2329.9747650118,0.0170293935
2328.0459779547,0.0169599969
2326.1171908975,0.0171171930
2324.1884038404,0.0172506347
2322.2596167833,0.0169703066
2320.3308297261,0.0162845049
2318.4020426690,0.0155624906
2316.4732556119,0.0150514310
2314.5444685548,0.0147435945
2312.6156814976,0.0145077817
2310.6868944405,0.0142724980
2308.7581073834,0.0140368342
2306.8293203262,0.0137888454
2304.9005332691,0.0135466866
2302.9717462120,0.0133504411
2301.0429591549,0.0131839551
2299.1141720977,0.0129974755
2297.1853850406,0.0128191272
2295.2565979835,0.0127236098
2293.3278109263,0.0127022322
2291.3990238692,0.0127204377
2289.4702368121,0.0127417091
2287.5414497550,0.0126934899
2285.6126626978,0.0125504360
2283.6838756407,0.0123418830
2281.7550885836,0.0121381152
2279.8263015264,0.0120254755
2277.8975144693,0.0120086567
2275.9687274122,0.0119935945
2274.0399403550,0.0118945604
2272.1111532979,0.0117832599
2270.1823662408,0.0117600942
2268.2535791837,0.0117148561
2266.3247921265,0.0115497671
2264.3960050694,0.0114116864
2262.4672180123,0.0114336116
2260.5384309551,0.0115353856
2258.6096438980,0.0115704760
2256.6808568409,0.0114747277
2254.7520697838,0.0112941079
2252.8232827266,0.0111544887
2250.8944956695,0.0111323921
2248.9657086124,0.0111356582
2247.0369215552,0.0110608498
2245.1081344981,0.0109777981
2243.1793474410,0.0109780636
2241.2505603839,0.0110138264
2239.3217733267,0.0109750107
2237.3929862696,0.0108470395
2235.4641992125,0.0106956782
2233.5354121553,0.0105465176
2231.6066250982,0.0104503846
2229.6778380411,0.0104417140
2227.7490509840,0.0104507031
2225.8202639268,0.0104487669
2223.8914768697,0.0104170023
2221.9626898126,0.0103124678
2220.0339027554,0.0102120144
2218.1051156983,0.0102447718
2216.1763286412,0.0103715854
2214.2475415841,0.0104032941
2212.3187545269,0.0103853978
2210.3899674698,0.0105024930
2208.4611804127,0.0105951093
2206.5323933555,0.0104861036
2204.6036062984,0.0103360610
2202.6748192413,0.0103049669
2200.7460321842,0.0103503494
2198.8172451270,0.0103809442
2196.8884580699,0.0103837010
2194.9596710128,0.0103602652
2193.0308839556,0.0103588598
2191.1020968985,0.0104549984
2189.1733098414,0.0105021214
2187.2445227843,0.0103954729
2185.3157357271,0.0102825686
2183.3869486700,0.0100579336
2181.4581616129,0.0096485000
2179.5293745557,0.0095027154
2177.6005874986,0.0096961968
2175.6718004415,0.0097704530
2173.7430133844,0.0097454619
2171.8142263272,0.0099813240
2169.8854392701,0.0103892684
2167.9566522130,0.0105776293
2166.0278651558,0.0104654729
2164.0990780987,0.0103556253
2162.1702910416,0.0101547474
2160.2415039844,0.0091622472
2158.3127169273,0.0076713329
2156.3839298702,0.0070526390
2154.4551428131,0.0074610272
2152.5263557559,0.0081384582
2150.5975686988,0.0085945474
2148.6687816417,0.0086736325
2146.7399945845,0.0085179051
2144.8112075274,0.0084319860
2142.8824204703,0.0085436450
2140.9536334132,0.0087522566
2139.0248463560,0.0089701917
2137.0960592989,0.0090517243
2135.1672722418,0.0088919774
2133.2384851846,0.0087328702
2131.3096981275,0.0087910853
2129.3809110704,0.0090140617
2127.4521240133,0.0093109058
2125.5233369561,0.0095722275
2123.5945498990,0.0097235683
2121.6657628419,0.0098557370
2119.7369757847,0.0100622522
2117.8081887276,0.0102552148
2115.8794016705,0.0103346827
2113.9506146134,0.0103313690
2112.0218275562,0.0102859875
2110.0930404991,0.0102356812
2108.1642534420,0.0102239670
2106.2354663848,0.0102353897
2104.3066793277,0.0102728410
2102.3778922706,0.0103089428
2100.4491052135,0.0102399215
2098.5203181563,0.0100381179
2096.5915310992,0.0097612133
2094.6627440421,0.0095906463
2092.7339569849,0.0096999295
2090.8051699278,0.0099398987
2088.8763828707,0.0100915004
2086.9475958136,0.0101938080
2085.0188087564,0.0103318198
2083.0900216993,0.0104388501
2081.1612346422,0.0104712537
2079.2324475850,0.0104673291
2077.3036605279,0.0103993965
2075.3748734708,0.0102937538
2073.4460864137,0.0102436328
2071.5172993565,0.0101896208
2069.5885122994,0.0100486083
2067.6597252423,0.0098956181
2065.7309381851,0.0098198317
2063.8021511280,0.0097586457
2061.8733640709,0.0096239652
2059.9445770137,0.0095245438
2058.0157899566,0.0095750857
2056.0870028995,0.0096343141
2054.1582158424,0.0097218482
2052.2294287852,0.0100652194
2050.3006417281,0.0103194928
2048.3718546710,0.0099880258
2046.4430676138,0.0093744360
2044.5142805567,0.0089216493
2042.5854934996,0.0087125860
2040.6567064425,0.0087738102
2038.7279193853,0.0089256130
2036.7991323282,0.0089400671
2034.8703452711,0.0087575661
2032.9415582139,0.0083987843
2031.0127711568,0.0080121895
2029.0839840997,0.0077365739
2027.1551970426,0.0075632171
2025.2264099854,0.0074884687
2023.2976229283,0.0075197574
2021.3688358712,0.0075780475
2019.4400488140,0.0076083676
2017.5112617569,0.0076126615
2015.5824746998,0.0076228566
2013.6536876427,0.0077017653
2011.7249005855,0.0077722813
2009.7961135284,0.0076870364
2007.8673264713,0.0074210004
2005.9385394141,0.0071686283
2004.0097523570,0.0072627733
2002.0809652999,0.0076700682
2000.1521782428,0.0080282744
1998.2233911856,0.0081959078
1996.2946041285,0.0082995640
1994.3658170714,0.0084668798
1992.4370300142,0.0086813970
1990.5082429571,0.0088108974
1988.5794559000,0.0088547776
1986.6506688429,0.0088964691
1984.7218817857,0.0088913962
1982.7930947286,0.0089034438
1980.8643076715,0.0089140665
1978.9355206143,0.0084982915
1977.0067335572,0.0077047688
1975.0779465001,0.0072309771
1973.1491594430,0.0072089736
1971.2203723858,0.0072699594
1969.2915853287,0.0072208703
1967.3627982716,0.0071201026
1965.4340112144,0.0071882610
1963.5052241573,0.0074419617
1961.5764371002,0.0076078670
1959.6476500430,0.0077169687
1957.7188629859,0.0079819998
1955.7900759288,0.0082479836
1953.8612888717,0.0083771441
1951.9325018145,0.0085060783
1950.0037147574,0.0086563090
1948.0749277003,0.0086640203
1946.1461406431,0.0085304976
1944.2173535860,0.0084133521
1942.2885665289,0.0084214816
1940.3597794718,0.0085934382
1938.4309924146,0.0087969499
1936.5022053575,0.0089189541
1934.5734183004,0.0089499764
1932.6446312432,0.0088950945
1930.7158441861,0.0088724522
1928.7870571290,0.0089612072
1926.8582700719,0.0090513537
1924.9294830147,0.0090469662
1923.0006959576,0.0090442440
1921.0719089005,0.0091715269
1919.1431218433,0.0093381740
1917.2143347862,0.0094927400
1915.2855477291,0.0096644601
1913.3567606720,0.0097524235
1911.4279736148,0.0097109945
1909.4991865577,0.0096371723
1907.5703995006,0.0096485792
1905.6416124434,0.0097552305
1903.7128253863,0.0098482436
1901.7840383292,0.0098755443
1899.8552512721,0.0098931547
1897.9264642149,0.0099093094
1895.9976771578,0.0098901894
1894.0688901007,0.0098820860
1892.1401030435,0.0098858457
1890.2113159864,0.0098289140
1888.2825289293,0.0098003708
1886.3537418722,0.0098699834
1884.4249548150,0.0099591808
1882.4961677579,0.0100530852
1880.5673807008,0.0101085370
1878.6385936436,0.0100877918
1876.7098065865,0.0100571122
1874.7810195294,0.0100596817
1872.8522324723,0.0100704385
1870.9234454151,0.0099816415
1868.9946583580,0.0097739473
1867.0658713009,0.0097575337
1865.1370842437,0.0099795498
1863.2082971866,0.0101539791
1861.2795101295,0.0102039054
1859.3507230724,0.0102260606
1857.4219360152,0.0102497023
1855.4931489581,0.0102371126
1853.5643619010,0.0102234632
1851.6355748438,0.0102320500
1849.7067877867,0.0102139488
1847.7780007296,0.0101805581
1845.8492136724,0.0101192947
1843.9204266153,0.0100475755
1841.9916395582,0.0101405447
1840.0628525011,0.0102956360
1838.1340654439,0.0103293806
1836.2052783868,0.0102750668
1834.2764913297,0.0102705872
1832.3477042725,0.0102862790
1830.4189172154,0.0102174208
1828.4901301583,0.0101999827
1826.5613431012,0.0102576530
1824.6325560440,0.0102665853
1822.7037689869,0.0103451274
1820.7749819298,0.0104502253
1818.8461948726,0.0104029225
1816.9174078155,0.0102963783
1814.9886207584,0.0103127602
1813.0598337013,0.0104017565
1811.1310466441,0.0104522146
1809.2022595870,0.0104787052
1807.2734725299,0.0105241593
1805.3446854727,0.0105842603
1803.4158984156,0.0106073637
1801.4871113585,0.0105429897
1799.5583243014,0.0104844328
1797.6295372442,0.0105333095
1795.7007501871,0.0105900429
1793.7719631300,0.0105025982
1791.8431760728,0.0103526032
1789.9143890157,0.0104437554
1787.9856019586,0.0106442096
1786.0568149015,0.0107129505
1784.1280278443,0.0106829694
1782.1992407872,0.0106578460
1780.2704537301,0.0106355622
1778.3416666729,0.0106525663
1776.4128796158,0.0106815631
1774.4840925587,0.0105503630
1772.5553055016,0.0102358134
1770.6265184444,0.0102100801
1768.6977313873,0.0105029969
1766.7689443302,0.0107441535
1764.8401572730,0.0108428989
1762.9113702159,0.0107511319
1760.9825831588,0.0106047643
1759.0537961017,0.0106117139
1757.1250090445,0.0106090084
1755.1962219874,0.0105911298
1753.2674349303,0.0106052682
1751.3386478731,0.0104436763
1749.4098608160,0.0101248855
1747.4810737589,0.0100386739
1745.5522867017,0.0101376828
1743.6234996446,0.0101663014
1741.6947125875,0.0100597087
1739.7659255304,0.0099400580
1737.8371384732,0.0099885287
1735.9083514161,0.0100386208
1733.9795643590,0.0098822974
1732.0507773018,0.0099364035
1730.1219902447,0.0102366889
1728.1932031876,0.0104983030
1726.2644161305,0.0106710838
1724.3356290733,0.0107323723
1722.4068420162,0.0107552717
1720.4780549591,0.0107535198
1718.5492679019,0.0104970559
1716.6204808448,0.0101128826
1714.6916937877,0.0102346744
1712.7629067306,0.0105803609
1710.8341196734,0.0108279567
1708.9053326163,0.0109116435
1706.9765455592,0.0108017633
1705.0477585020,0.0107015939
1703.1189714449,0.0108153243
1701.1901843878,0.0108238170
1699.2613973307,0.0105932523
1697.3326102735,0.0105531216
1695.4038232164,0.0107431719
1693.4750361593,0.0110972570
1691.5462491021,0.0114154601
1689.6174620450,0.0115486234
1687.6886749879,0.0115792491
1685.7598879308,0.0114399372
1683.8311008736,0.0111169880
1681.9023138165,0.0113129178
1679.9735267594,0.0117673818
1678.0447397022,0.0120773204
1676.1159526451,0.0121578136
1674.1871655880,0.0121721094
1672.2583785309,0.0122854803
1670.3295914737,0.0123082483
1668.4008044166,0.0123824729
1666.4720173595,0.0127092963
1664.5432303023,0.0129393870
1662.6144432452,0.0129510416
1660.6856561881,0.0130873173
1658.7568691310,0.0134095997
1656.8280820738,0.0136865694
1654.8992950167,0.0136163952
1652.9705079596,0.0129684834
1651.0417209024,0.0129614156
1649.1129338453,0.0132441586
1647.1841467882,0.0131893987
1645.2553597311,0.0133319693
1643.3265726739,0.0137965409
1641.3977856168,0.0141199119
1639.4689985597,0.0142237078
1637.5402115025,0.0140379835
1635.6114244454,0.0135913687
1633.6826373883,0.0136204557
1631.7538503311,0.0139407543
1629.8250632740,0.0140559776
1627.8962762169,0.0139527032
1625.9674891598,0.0138339261
1624.0387021026,0.0136478078
1622.1099150455,0.0134854540
1620.1811279884,0.0135236131
1618.2523409312,0.0134283416
1616.3235538741,0.0130891316
1614.3947668170,0.0130774463
1612.4659797599,0.0132652158
1610.5371927027,0.0132928388
1608.6084056456,0.0131855831
1606.6796185885,0.0131091671
1604.7508315313,0.0130737917
1602.8220444742,0.0130085181
1600.8932574171,0.0129302125
1598.9644703600,0.0128808524
1597.0356833028,0.0128218997
1595.1068962457,0.0127204908
1593.1781091886,0.0126233967
1591.2493221314,0.0125558982
1589.3205350743,0.0124892639
1587.3917480172,0.0124256760
1585.4629609601,0.0123804752
1583.5341739029,0.0123362634
1581.6053868458,0.0122751752
1579.6765997887,0.0121784192
1577.7478127315,0.0119052818
1575.8190256744,0.0115290582
1573.8902386173,0.0115770688
1571.9614515602,0.0117375413
1570.0326645030,0.0116066067
1568.1038774459,0.0114789801
1566.1750903888,0.0115720183
1564.2463033316,0.0116489613
1562.3175162745,0.0116647026
1560.3887292174,0.0113205165
1558.4599421603,0.0104018357
1556.5311551031,0.0104724467
1554.6023680460,0.0109365704
1552.6735809889,0.0112281442
1550.7447939317,0.0113568129
1548.8160068746,0.0114107300
1546.8872198175,0.0114537841
1544.9584327604,0.0113255652
1543.0296457032,0.0108634951
1541.1008586461,0.0101554897
1539.1720715890,0.0100555755
1537.2432845318,0.0106276302
1535.3144974747,0.0110087814
1533.3857104176,0.0110587263
1531.4569233604,0.0111312494
1529.5281363033,0.0112656811
1527.5993492462,0.0112036262
1525.6705621891,0.0110050905
1523.7417751319,0.0108180577
1521.8129880748,0.0106174964
1519.8842010177,0.0106035704
1517.9554139605,0.0107269064
1516.0266269034,0.0108758099
1514.0978398463,0.0111088622
1512.1690527892,0.0113062225
1510.2402657320,0.0113374684
1508.3114786749,0.0110221365
1506.3826916178,0.0105392234
1504.4539045606,0.0108244801
1502.5251175035,0.0112687889
1500.5963304464,0.0114696249
1498.6675433893,0.0113999406
1496.7387563321,0.0113066211
1494.8099692750,0.0115165384
1492.8811822179,0.0118276812
1490.9523951607,0.0119286953
1489.0236081036,0.0118996156
1487.0948210465,0.0122419978
1485.1660339894,0.0128494427
1483.2372469322,0.0133966776
1481.3084598751,0.0138101429
1479.3796728180,0.0141310627
1477.4508857608,0.0143634342
1475.5220987037,0.0144497585
1473.5933116466,0.0144413291
1471.6645245895,0.0147497002
1469.7357375323,0.0154265892
1467.8069504752,0.0160531737
1465.8781634181,0.0164689068
1463.9493763609,0.0168931950
1462.0205893038,0.0174856521
1460.0918022467,0.0179714710
1458.1630151896,0.0180959739
1456.2342281324,0.0182402171
1454.3054410753,0.0188278668
1452.3766540182,0.0193989053
1450.4478669610,0.0197746698
1448.5190799039,0.0199642722
1446.5902928468,0.0201443322
1444.6615057897,0.0204386562
1442.7327187325,0.0207657907
1440.8039316754,0.0211174116
1438.8751446183,0.0214673057
1436.9463575611,0.0217564311
1435.0175705040,0.0221965965
1433.0887834469,0.0228152443
1431.1599963898,0.0233247932
1429.2312093326,0.0236132182
1427.3024222755,0.0237613842
1425.3736352184,0.0236769896
1423.4448481612,0.0233336147
1421.5160611041,0.0228902493
1419.5872740470,0.0221372917
1417.6584869898,0.0212829988
1415.7296999327,0.0209769625
1413.8009128756,0.0208840352
1411.8721258185,0.0207046177
1409.9433387613,0.0205046237
1408.0145517042,0.0203713719
1406.0857646471,0.0202138349
1404.1569775899,0.0200384352
1402.2281905328,0.0200076140
1400.2994034757,0.0199974217
1398.3706164186,0.0198818035
1396.4418293614,0.0197705254
1394.5130423043,0.0197532140
1392.5842552472,0.0199461672
1390.6554681900,0.0202994850
1388.7266811329,0.0206587650
1386.7978940758,0.0210957266
1384.8691070187,0.0217639972
1382.9403199615,0.0225965232
1381.0115329044,0.0234927256
1379.0827458473,0.0243966691
1377.1539587901,0.0252499823
1375.2251717330,0.0260455757
1373.2963846759,0.0268335678
1371.3675976188,0.0275043081
1369.4388105616,0.0278744008
1367.5100235045,0.0279804878
1365.5812364474,0.0280227326
1363.6524493902,0.0279679820
1361.7236623331,0.0277510658
1359.7948752760,0.0275716595
1357.8660882189,0.0274424534
1355.9373011617,0.0272506326
1354.0085141046,0.0269862264
1352.0797270475,0.0266971216
1350.1509399903,0.0264766850
1348.2221529332,0.0264663137
1346.2933658761,0.0267255306
1344.3645788190,0.0271893665
1342.4357917618,0.0277541019
1340.5070047047,0.0283218101
1338.5782176476,0.0288400222
1336.6494305904,0.0292690154
1334.7206435333,0.0295229033
1332.7918564762,0.0295393616
1330.8630694191,0.0293719545
1328.9342823619,0.0291748773
1327.0054953048,0.0291276779
1325.0767082477,0.0293778535
1323.1479211905,0.0299455263
1321.2191341334,0.0307200737
1319.2903470763,0.0315462761
1317.3615600191,0.0322177038
1315.4327729620,0.0325398855
1313.5039859049,0.0324121788
1311.5751988478,0.0318870693
1309.6464117906,0.0311170854
1307.7176247335,0.0301765278
1305.7888376764,0.0291259624
1303.8600506192,0.0280640125
1301.9312635621,0.0270647649
1300.0024765050,0.0261803586
1298.0736894479,0.0254499801
1296.1449023907,0.0248699468
1294.2161153336,0.0244007483
1292.2873282765,0.0240327809
1290.3585412193,0.0237849262
1288.4297541622,0.0236650165
1286.5009671051,0.0236876775
1284.5721800480,0.0238500349
1282.6433929908,0.0240368303
1280.7146059337,0.0240904018
1278.7858188766,0.0239978731
1276.8570318194,0.0238471087
1274.9282447623,0.0236628558
1272.9994577052,0.0234363321
1271.0706706481,0.0232301597
1269.1418835909,0.0231258273
1267.2130965338,0.0231042318
1265.2843094767,0.0230935309
1263.3555224195,0.0230704080
1261.4267353624,0.0230350588
1259.4979483053,0.0229695793
1257.5691612482,0.0228659641
1255.6403741910,0.0227576271
1253.7115871339,0.0226851553
1251.7828000768,0.0226515550
1249.8540130196,0.0226508994
1247.9252259625,0.0226670448
1245.9964389054,0.0226382725
1244.0676518483,0.0225206409
1242.1388647911,0.0223357230
1240.2100777340,0.0221496858
1238.2812906769,0.0220216475
1236.3525036197,0.0219125133
1234.4237165626,0.0217196643
1232.4949295055,0.0214103572
1230.5661424484,0.0210144017
1228.6373553912,0.0205498096
1226.7085683341,0.0200290009
1224.7797812770,0.0194849651
1222.8509942198,0.0189667288
1220.9222071627,0.0185259320
1218.9934201056,0.0182032622
1217.0646330485,0.0180185530
1215.1358459913,0.0180006102
1213.2070589342,0.0182254501
1211.2782718771,0.0187648833
1209.3494848199,0.0195543338
1207.4206977628,0.0203776937
1205.4919107057,0.0210204590
1203.5631236485,0.0213753320
1201.6343365914,0.0214383136
1199.7055495343,0.0212522242
1197.7767624772,0.0208431594
1195.8479754200,0.0202551931
1193.9191883629,0.0196043495
1191.9904013058,0.0190165695
1190.0616142486,0.0185728054
1188.1328271915,0.0183458943
1186.2040401344,0.0183899105
1184.2752530773,0.0187086668
1182.3464660201,0.0193080995
1180.4176789630,0.0202054549
1178.4888919059,0.0214143265
1176.5601048487,0.0230153501
1174.6313177916,0.0251300503
1172.7025307345,0.0277833249
1170.7737436774,0.0308867507
1168.8449566202,0.0342627764
1166.9161695631,0.0376034826
1164.9873825060,0.0405033268
1163.0585954488,0.0425746627
1161.1298083917,0.0436095707
1159.2010213346,0.0436709635
1157.2722342775,0.0429912955
1155.3434472203,0.0418504700
1153.4146601632,0.0405132137
1151.4858731061,0.0391390733
1149.5570860489,0.0377870537
1147.6282989918,0.0364793241
1145.6995119347,0.0351960622
1143.7707248776,0.0339589342
1141.8419378204,0.0329437591
1139.9131507633,0.0323709846
1137.9843637062,0.0323359556
1136.0555766490,0.0328490697
1134.1267895919,0.0338620692
1132.1980025348,0.0352417119
1130.2692154777,0.0369398333
1128.3404284205,0.0390096940
1126.4116413634,0.0413469449
1124.4828543063,0.0436887108
1122.5540672491,0.0459117517
1120.6252801920,0.0481610969
1118.6964931349,0.0506785884
1116.7677060778,0.0535554625
1114.8389190206,0.0565469004
1112.9101319635,0.0591540784
1110.9813449064,0.0609977916
1109.0525578492,0.0621139742
1107.1237707921,0.0628082007
1105.1949837350,0.0632272810
1103.2661966778,0.0632920265
1101.3374096207,0.0629835278
1099.4086225636,0.0624406822
1097.4798355065,0.0618121922
1095.5510484493,0.0611727498
1093.6222613922,0.0605991520
1091.6934743351,0.0601959452
1089.7646872779,0.0600163862
1087.8359002208,0.0600308590
1085.9071131637,0.0602388233
1083.9783261066,0.0607756786
1082.0495390494,0.0618182793
1080.1207519923,0.0634052083
1078.1919649352,0.0653848276
1076.2631778780,0.0675263256
1074.3343908209,0.0696898550
1072.4056037638,0.0719303191
1070.4768167067,0.0744256824
1068.5480296495,0.0773189515
1066.6192425924,0.0806875676
1064.6904555353,0.0845453069
1062.7616684781,0.0886756107
1060.8328814210,0.0925255492
1058.9040943639,0.0955521464
1056.9753073068,0.0975906923
1055.0465202496,0.0987315327
1053.1177331925,0.0990693718
1051.1889461354,0.0987049863
1049.2601590782,0.0978421867
1047.3313720211,0.0967042595
1045.4025849640,0.0955655053
1043.4737979069,0.0949027911
1041.5450108497,0.0951989517
1039.6162237926,0.0966170728
1037.6874367355,0.0989099592
1035.7586496783,0.1015351936
1033.8298626212,0.1038543954
1031.9010755641,0.1054027975
1029.9722885070,0.1060809046
1028.0435014498,0.1060673892
1026.1147143927,0.1056068242
1024.1859273356,0.1048817635
1022.2571402784,0.1040172726
1020.3283532213,0.1030948311
1018.3995661642,0.1021437868
1016.4707791071,0.1011710241
1014.5419920499,0.1001710072
1012.6132049928,0.0991329476
1010.6844179357,0.0980947390
1008.7556308785,0.0971739590
1006.8268438214,0.0965007171
1004.8980567643,0.0961155817
1002.9692697071,0.0959204808
1001.0404826500,0.0957170725
999.1116955929,0.0953337327
997.1829085358,0.0947266519
995.2541214786,0.0939595997
993.3253344215,0.0931530967
991.3965473644,0.0924171656
989.4677603072,0.0917637795
987.5389732501,0.0911473930
985.6101861930,0.0904283971
983.6813991359,0.0892424881
981.7526120787,0.0872386470
979.8238250216,0.0844745487
977.8950379645,0.0814018548
975.9662509073,0.0784790814
974.0374638502,0.0758985430
972.1086767931,0.0736774057
970.1798897360,0.0717779994
968.2511026788,0.0700642318
966.3223156217,0.0683561638
964.3935285646,0.0665693581
962.4647415074,0.0647270679
960.5359544503,0.0628781393
958.6071673932,0.0610338673
956.6783803361,0.0592130534
954.7495932789,0.0574668236
952.8208062218,0.0558030233
950.8920191647,0.0542231984
948.9632321075,0.0527906157
947.0344450504,0.0515568890
945.1056579933,0.0504814908
943.1768709362,0.0494711436
941.2480838790,0.0484882966
939.3192968219,0.0475621037
937.3905097648,0.0467021018
935.4617227076,0.0458827801
933.5329356505,0.0451065823
931.6041485934,0.0443798229
929.6753615362,0.0436642393
927.7465744791,0.0429396555
925.8177874220,0.0422349982
923.8890003649,0.0415881090
921.9602133077,0.0410139821
920.0314262506,0.0405151471
918.1026391935,0.0401067026
916.1738521363,0.0398062952
914.2450650792,0.0396777354
912.3162780221,0.0397914574
910.3874909650,0.0401114151
908.4587039078,0.0405607894
906.5299168507,0.0411013626
904.6011297936,0.0417388603
902.6723427364,0.0424725451
900.7435556793,0.0431741588
898.8147686222,0.0436800085
896.8859815651,0.0439312682
894.9571945079,0.0438590385
893.0284074508,0.0433800966
891.0996203937,0.0425607860
889.1708333365,0.0415761992
887.2420462794,0.0405732356
885.3132592223,0.0396388546
883.3844721652,0.0388038941
881.4556851080,0.0380617119
879.5268980509,0.0373910964
877.5981109938,0.0367914699
875.6693239366,0.0362875238
873.7405368795,0.0358512625
871.8117498224,0.0354141183
869.8829627653,0.0349312089
867.9541757081,0.0343694799
866.0253886510,0.0337553732
864.0966015939,0.0331680067
862.1678145367,0.0326249860
860.2390274796,0.0321135856
858.3102404225,0.0316478051
856.3814533653,0.0312326737
854.4526663082,0.0308833886
852.5238792511,0.0306294542
850.5950921940,0.0304609891
848.6663051368,0.0303225387
846.7375180797,0.0301477537
844.8087310226,0.0299388990
842.8799439654,0.0297639091
840.9511569083,0.0296244603
839.0223698512,0.0294772163
837.0935827941,0.0293473043
835.1647957369,0.0292836651
833.2360086798,0.0292509887
831.3072216227,0.0291959178
829.3784345655,0.0291643851
827.4496475084,0.0291974694
825.5208604513,0.0292897280
823.5920733942,0.0294941720
821.6632863370,0.0298505761
819.7344992799,0.0302982219
817.8057122228,0.0307586398
815.8769251656,0.0311701763
813.9481381085,0.0314315483
812.0193510514,0.0314689539
810.0905639943,0.0313347168
808.1617769371,0.0311373305
806.2329898800,0.0309316125
804.3042028229,0.0307568051
802.3754157657,0.0306488443
800.4466287086,0.0305745136
798.5178416515,0.0305028353
796.5890545944,0.0304258093
794.6602675372,0.0303290617
792.7314804801,0.0302406047
790.8026934230,0.0302127693
788.8739063658,0.0302644446
786.9451193087,0.0303414688
785.0163322516,0.0303929932
783.0875451944,0.0304329451
781.1587581373,0.0304887015
779.2299710802,0.0305700433
777.3011840231,0.0306647066
775.3723969659,0.0307638347
773.4436099088,0.0308728535
771.5148228517,0.0309816226
769.5860357945,0.0310753752
767.6572487374,0.0312214363
765.7284616803,0.0314796120
763.7996746232,0.0317707770
761.8708875660,0.0320271887
759.9421005089,0.0322568752
758.0133134518,0.0324781463
756.0845263946,0.0327071510
754.1557393375,0.0329602063
752.2269522804,0.0332512483
750.2981652233,0.0335466787
748.3693781661,0.0338147469
746.4405911090,0.0340991952
744.5118040519,0.0344376527
742.5830169947,0.0347730406
740.6542299376,0.0350882001
738.7254428805,0.0354620926
736.7966558234,0.0359166041
734.8678687662,0.0364074521
732.9390817091,0.0369255729
731.0102946520,0.0375383683
729.0815075948,0.0382922925
727.1527205377,0.0391709432
725.2239334806,0.0401465632
723.2951464235,0.0412046388
721.3663593663,0.0423201397
719.4375723092,0.0433640219
717.5087852521,0.0442584753
715.5799981949,0.0450915061
713.6512111378,0.0459234044
711.7224240807,0.0466843434
709.7936370235,0.0473012626
707.8648499664,0.0478272922
705.9360629093,0.0483201370
704.0072758522,0.0487899929
702.0784887950,0.0492243469
700.1497017379,0.0496280268
698.2209146808,0.0500288270
696.2921276236,0.0503848493
694.3633405665,0.0507035181
692.4345535094,0.0510393083
690.5057664523,0.0513950251
688.5769793951,0.0517781563
686.6481923380,0.0522384271
684.7194052809,0.0528586432
682.7906182237,0.0536807254
680.8618311666,0.0547218584
678.9330441095,0.0560458712
677.0042570524,0.0576944053
675.0754699952,0.0595719106
673.1466829381,0.0615689009
671.2178958810,0.0636773780
669.2891088238,0.0656222254
667.3603217667,0.0662856326
665.4315347096,0.0663945302
663.5027476525,0.0669263080
661.5739605953,0.0674051046
659.6451735382,0.0674431697
657.7163864811,0.0670660362
655.7875994239,0.0664490089
653.8588123668,0.0658447593
651.9300253097,0.0654402301
650.0012382526,0.0652219132
648.0724511954,0.0650784522
646.1436641383,0.0650324151
644.2148770812,0.0651498437
642.2860900240,0.0653808862
640.3573029669,0.0656974763
638.4285159098,0.0661667213
636.4997288527,0.0668344274
634.5709417955,0.0676988512
632.6421547384,0.0687005520
630.7133676813,0.0697073340
628.7845806241,0.0705875456
626.8557935670,0.0714111477
624.9270065099,0.0724815279
622.9982194527,0.0739113167
621.0694323956,0.0755046979
619.1406453385,0.0770478696
617.2118582814,0.0782700107
615.2830712242,0.0790032372
613.3542841671,0.0794408694
611.4254971100,0.0798107386
609.4967100528,0.0801346675
607.5679229957,0.0802966431
605.6391359386,0.0802791119
603.7103488815,0.0802459121
601.7815618243,0.0803189427
599.8527747672,0.0805526525
597.9239877101,0.0810184255
595.9952006529,0.0816604197
594.0664135958,0.0822655410
592.1376265387,0.0826384574
590.2088394816,0.0827794746
588.2800524244,0.0828587860
586.3512653673,0.0832844824
584.4224783102,0.0844736099
582.4936912530,0.0855152160
580.5649041959,0.0851588100
578.6361171388,0.0842552558
576.7073300817,0.0839613751
574.7785430245,0.0840431675
572.8497559674,0.0842505991
570.9209689103,0.0846000314
568.9921818531,0.0851804167
567.0633947960,0.0862424746
565.1346077389,0.0878650695
563.2058206818,0.0899559334
561.2770336246,0.0922198743
559.3482465675,0.0939590558
557.4194595104,0.0945497453
555.4906724532,0.0940888152
553.5618853961,0.0930793583
551.6330983390,0.0919002444
549.7043112818,0.0907251239
547.7755242247,0.0896260589
545.8467371676,0.0886974558
543.9179501105,0.0878971368
541.9891630533,0.0870822594
540.0603759962,0.0863626525
538.1315889391,0.0859465525
536.2028018819,0.0857485533
534.2740148248,0.0856450647
532.3452277677,0.0857707858
530.4164407106,0.0861824602
528.4876536534,0.0866641030
526.5588665963,0.0870611593
524.6300795392,0.0873794630
522.7012924820,0.0876056626
520.7725054249,0.0878558755
518.8437183678,0.0881072506
516.9149313107,0.0879948288
514.9861442535,0.0875461251
513.0573571964,0.0869524553
511.1285701393,0.0862319246
509.1997830821,0.0855912417
507.2709960250,0.0851790607
505.3422089679,0.0850291997
503.4134219108,0.0849466920
501.4846348536,0.0846257284
499.5558477965,0.0842805207
497.6270607394,0.0840914771
495.6982736822,0.0838017315
493.7694866251,0.0832908526
491.8406995680,0.0827627778
489.9119125109,0.0824387670
487.9831254537,0.0821983814
486.0543383966,0.0818683803
484.1255513395,0.0815384090
482.1967642823,0.0812528208
480.2679772252,0.0809589699
478.3391901681,0.0805520639
476.4104031109,0.0799553841
474.4816160538,0.0793316290
472.5528289967,0.0787211135
470.6240419396,0.0781058148
468.6952548824,0.0776950046
466.7664678253,0.0776049346
464.8376807682,0.0777664036
462.9088937110,0.0780297518
460.9801066539,0.0782607421
459.0513195968,0.0782906860
457.1225325397,0.0782016069
455.1937454825,0.0783136562
453.2649584254,0.0786352605
451.3361713683,0.0791823715
449.4073843111,0.0798869357
447.4785972540,0.0805162564
445.5498101969,0.0808418617
443.6210231398,0.0807763860
441.6922360826,0.0808584243
439.7634490255,0.0815722048
437.8346619684,0.0823555887
435.9058749112,0.0825630352
433.9770878541,0.0822634473
432.0483007970,0.0816873834
430.1195137399,0.0809265971
428.1907266827,0.0802809447
426.2619396256,0.0798875242
424.3331525685,0.0795436651
422.4043655113,0.0791244432
420.4755784542,0.0783527195
418.5467913971,0.0768138766
416.6180043400,0.0756653547
414.6892172828,0.0752416402
412.7604302257,0.0747374967
410.8316431686,0.0739822388
408.9028561114,0.0733460337
406.9740690543,0.0731649995
405.0452819972,0.0735047907
403.1164949401,0.0743657425
401.1877078829,0.0754627734
399.2589208258,0.0757615343