23.2408	49.1919
25.1249	50.2222
27.0086	54.8889
28.8919	60.101
30.7748	65.3535
32.6573	69.2929
34.5395	72.2222
36.4213	72.9495
38.3005	76.4849
40.1816	81.6364
42.0622	87.2323
43.9425	101.071
45.8203	126.081
47.6998	154.788
49.5768	173.798
51.4556	186.828
53.3318	193.778
55.2098	197.01
57.0853	194.909
58.9605	190.162
60.8374	188.303
62.7117	191.657
64.5857	193.051
66.4594	195.758
68.3326	192.788
70.2055	195.293
72.078	198.586
73.9501	205.293
75.8219	203.111
77.6911	196.303
79.5621	183.232
81.4327	172.95
83.3009	171.677
85.1707	177.818
87.0403	181.212
88.9072	181.96
90.7739	183.717
92.6423	187.313
94.5081	193.091
96.3737	195.455
98.2409	197.576
100.106	195.374
101.97	184.97
103.834	173.98
105.698	165.636
107.561	162.162
109.424	159.818
111.286	155.03
113.149	155.03
115.008	152.667
116.87	154.848
118.731	157.919
120.591	156.101
122.45	153.818
124.31	149.879
126.167	142.788
128.024	131.717
129.883	123.697
131.739	118.485
133.595	117.374
135.453	115.778
137.308	115.98
139.163	118.202
141.018	120.949
142.872	124.202
144.725	131.192
146.579	144.121
148.432	159.717
150.282	177.152
152.135	193.455
153.986	207.96
155.838	212.727
157.687	220.222
159.538	229.394
161.386	235.677
163.236	243.252
165.084	240.707
166.931	230.869
168.78	217.919
170.627	204.889
172.473	198.364
174.318	204.99
176.164	215.212
178.009	228.485
179.854	238.707
181.698	236.545
183.542	227.818
185.385	213.596
187.226	200.222
189.069	188.707
190.912	178.727
192.752	174.889
194.593	169.232
196.433	163.879
198.274	164.849
200.112	165.131
201.95	170.828
203.79	178.444
205.628	186.768
207.465	192.869
209.302	199.232
211.138	208.283
212.974	214.869
214.81	219.838
216.645	226.788
218.48	224.101
220.314	214.202
222.146	202.04
223.98	181.798
225.814	165.495
227.645	154.323
229.477	148.444
231.308	145.111
233.14	147.717
234.969	155.879
236.798	162.343
238.627	169.091
240.458	174.707
242.286	178.444
244.114	172.626
245.941	164
247.768	155.333
249.595	146.566
251.421	141.051
253.245	135.98
255.07	135.737
256.896	135.111
258.718	134.525
260.543	133.879
262.367	131.03
264.189	128.667
266.01	126.081
267.833	122.707
269.654	119.192
271.474	117.071
273.296	118.444
275.116	120.848
276.935	123.253
278.754	131.313
280.572	139.737
282.39	149.131
284.208	161.697
286.023	170.182
287.84	176.303
289.657	180.465
291.471	188.848
293.287	205.253
295.103	217.273
296.916	225.98
298.729	227.212
300.543	212.444
302.355	198.242
304.167	186.95
305.979	187.859
307.792	190.04
309.602	195.293
311.413	198.02
313.223	200.768
315.032	194.97
316.84	189.596
318.648	186.242
320.457	187.091
322.265	192.848
324.071	209.192
325.878	225.616
327.684	249.919
329.49	274.081
331.295	295.596
333.099	313.091
334.904	338.303
336.708	366.788
338.511	404.869
340.313	452.04
342.116	490.869
343.917	512.444
345.719	497.798
347.52	461.576
349.321	408.343
351.121	361.131
352.92	325.717
354.719	310.02
356.519	323.172
358.316	360.849
360.115	424.02
361.911	504.101
363.707	582.243
365.504	622.505
367.3	612.869
369.095	546.667
370.889	453.677
372.683	367.657
374.477	296.525
376.271	251.414
378.064	222.545
379.857	203.172
381.649	188.566
383.439	178.444
385.231	170.566
387.022	161.818
388.811	156.586
390.602	152
392.39	149.879
394.178	148.323
395.968	150.141
397.755	154
399.542	163.778
401.329	173.919
403.115	188.222
404.901	207.455
406.686	226.525
408.472	244.505
410.256	262.02
412.041	288.505
413.823	326.242
415.607	388.687
417.39	459.172
419.171	518.364
420.954	540.707
422.734	527.798
424.514	482.02
426.296	426.727
428.075	396.283
429.854	410.727
431.633	458.99
433.411	527.192
435.189	570.828
436.967	560.081
438.744	507.98
440.521	431.919
442.295	357.455
444.072	297.495
445.848	254.646
447.621	223.293
449.396	202.626
451.169	191.758
452.944	186.424
454.716	187.515
456.487	198.04
458.259	217.374
460.03	242.545
461.803	279.192
463.573	321.333
465.343	350.283
467.111	366.404
468.88	355.131
470.649	324.384
472.418	284.02
474.184	251.535
475.952	231.596
477.718	227.414
479.485	225.657
481.25	227.919
483.017	233.475
484.781	234.061
486.545	234.283
488.308	230.646
490.072	220.848
491.835	208.343
493.597	195.455
495.359	181.818
497.121	170
498.883	158.788
500.644	149.495
502.403	140.869
504.163	132.727
505.921	126.606
507.681	123.758
509.439	119.737
511.198	116.747
512.955	115.455
514.711	114.505
516.467	111.374
518.223	111.091
519.978	109.576
521.733	109.98
523.488	109.131
525.243	109.455
526.997	108.141
528.75	109.131
530.502	108.707
532.255	110.828
534.006	112.646
535.758	114.303
537.508	114.283
539.26	119.232
541.009	119.293
542.758	119.778
544.507	123.535
546.255	125.03
548.003	129.737
549.751	135.495
551.498	140.586
553.245	146.343
554.992	153.576
556.738	164.061
558.482	171.98
560.228	180.283
561.971	195.01
563.716	208.626
565.459	223.939
567.201	236.747
568.945	251.273
570.687	278.404
572.428	310.161
574.169	345.96
575.91	375.717
577.65	382.404
579.39	369.778
581.13	341.717
582.867	305.152
584.606	272.949
586.345	244.747
588.081	223.576
589.819	204.343
591.555	190.263
593.29	176.707
595.027	163.919
596.762	156.283
598.496	145.111
600.23	141.192
601.964	134.707
603.697	129.859
605.43	126.808
607.163	126.323
608.895	127.495
610.625	131.859
612.357	138.263
614.088	153.374
615.817	161.596
617.548	165.657
619.276	162.849
621.004	152.121
622.732	136.97
624.461	123.071
626.188	112.364
627.915	105.152
629.641	101.374
631.367	100.525
633.093	102.283
634.817	103.677
636.542	107.172
638.266	113.051
639.989	116.586
641.713	115.879
643.435	113.051
645.158	109.354
646.879	104.848
648.6	104.626
650.32	103.475
652.04	104.04
653.76	106.364
655.48	110.141
657.199	114.566
658.917	118
660.636	118.646
662.354	118.141
664.07	113.333
665.787	109.051
667.503	102.828
669.219	98.2424
670.934	95.5151
672.65	93.2323
674.364	89.4546
676.078	86.7475
677.791	85.7576
679.504	83.6364
681.216	82.7475
682.929	81.8384
684.641	80.202
686.352	79.5151
688.061	80.202
689.772	80
691.483	79.9192
693.191	77.2727
694.899	81.0909
696.609	78.404
698.316	77.8788
700.023	78.4444
701.732	78.1414
703.438	78.0606
705.144	77.8384
706.85	78.303
708.554	78.6061
710.259	78.7272
711.964	77.7171
713.668	79.8182
715.37	79.1717
717.074	80.5454
718.775	81.6364
720.479	82.202
722.179	82.9091
723.88	83.9192
725.582	84.6061
727.282	85.5353
728.982	86.3636
730.681	87.1919
732.38	89.4142
734.076	90.1818
735.775	90.8485
737.473	91.697
739.17	92.1818
740.866	92.4646
742.563	92.0202
744.257	90.7878
745.954	90.202
747.648	90.0606
749.342	89.4545
751.035	85.3535
752.728	86.0202
754.421	83.3939
756.113	83.4545
757.806	83.0909
759.497	81.1919
761.189	79.8182
762.878	77.899
764.569	78.6667
766.258	78.8889
767.948	78.0606
769.636	78.7879
771.326	78.2626
773.013	78.404
774.7	78.9697
776.387	80.7071
778.073	81.7374
779.759	83.2727
781.445	83.394
783.13	80.6667
784.815	81.9596
786.498	79.4141
788.183	78.2222
789.867	77.9596
791.549	76.1818
793.23	75.4142
794.914	75.6566
796.595	76.5252
798.275	74.7273
799.956	76.303
801.635	75.7576
803.315	76.3839
804.995	76.0808
806.674	76.0202
808.352	75.6566
810.029	74.6464
811.707	74.505
813.385	77.1919
815.06	75.3333
816.735	76.9293
818.412	77.0707
820.087	78.1616
821.761	79.0101
823.435	79.5151
825.109	82.7677
826.782	87.0707
828.455	93.8788
830.128	102.202
831.8	110.828
833.472	117.859
835.142	119.657
836.814	117.859
838.483	110.707
840.154	100.242
841.822	95.6364
843.491	87.2727
845.159	85.2121
846.826	81.6566
848.493	78.9091
850.16	78.8889
851.827	77.8586
853.494	78.5051
855.16	78.202
856.823	78.0202
858.489	77.697
860.154	79.8586
861.817	80.7475
863.48	80.9697
865.144	82.3838
866.806	84.4444
868.467	87.6566
870.129	90.8283
871.79	96.4646
873.451	103.697
875.111	112.242
876.771	127.172
878.429	148.182
880.089	181.071
881.748	224.909
883.405	273.273
885.063	311.758
886.719	331.657
888.375	328.263
890.031	309.98
891.689	289.232
893.344	273.455
894.998	258.525
896.651	240.566
898.305	216.182
899.959	181.677
901.613	153.03
903.264	125.657
904.917	110.808
906.568	99.9798
908.22	97.1515
909.87	95.4545
911.52	96.8889
913.169	96.2424
914.818	96.404
916.467	94
918.116	92.6667
919.764	86.6263
921.412	81.9596
923.06	81.1515
924.705	76.5051
926.352	75.7172
927.997	74.6061
929.643	74.1212
931.288	74.303
932.931	73.3939
934.577	72.707
936.22	72.4849
937.863	71.8788
939.506	71.8788
941.148	72.2828
942.788	71.3939
944.43	72.0606
946.072	72.7071
947.711	71.8788
949.352	72.0202
950.99	72.404
952.631	73.6363
954.269	73.1515
955.906	73.697
957.544	74.5858
959.181	74.7677
960.818	76.505
962.454	80.7071
964.09	82.404
965.726	85.9394
967.36	90.6263
968.995	96.5051
970.628	101.879
972.263	106.687
973.896	111.434
975.528	112.97
977.162	113.697
978.793	112.869
980.424	111.576
982.055	112.889
983.686	117.03
985.316	122.242
986.945	126.162
988.574	132
990.204	130.424
991.831	130.162
993.46	129.01
995.087	124.768
996.713	120.687
998.339	115.899
999.965	107.838
1001.59	103.96
1003.22	101.152
1004.84	102.04
1006.47	105.414
1008.09	108.162
1009.71	116.182
1011.34	121.859
1012.96	126.768
1014.58	133.697
1016.2	139.697
1017.82	150.061
1019.44	162.202
1021.06	181.273
1022.68	201.454
1024.3	213.737
1025.92	221.192
1027.54	219.798
1029.16	216.747
1030.78	214.788
1032.39	220.99
1034.01	239.98
1035.63	262.485
1037.24	287.939
1038.86	314.384
1040.47	344.465
1042.08	366.222
1043.7	397.354
1045.31	420.747
1046.93	437.253
1048.54	443.071
1050.15	438.667
1051.76	430.263
1053.37	429.111
1054.98	438.586
1056.6	452.949
1058.21	470.929
1059.81	476.747
1061.42	469.616
1063.03	447.798
1064.64	411.131
1066.25	376.343
1067.86	342.606
1069.46	323.374
1071.07	309.778
1072.67	307.717
1074.28	312.121
1075.89	319.131
1077.49	328.687
1079.09	332.02
1080.7	330.465
1082.3	324.99
1083.9	323.232
1085.51	329.475
1087.11	337.919
1088.71	362.465
1090.31	399.111
1091.91	450.081
1093.51	501.778
1095.11	547.839
1096.71	574.485
1098.31	574.626
1099.91	550.02
1101.51	524.242
1103.1	494.99
1104.7	477.717
1106.3	477.899
1107.89	496.303
1109.49	532.141
1111.08	558.646
1112.68	594.97
1114.28	635.212
1115.87	683.677
1117.46	738.101
1119.06	776.202
1120.65	787.596
1122.24	766.182
1123.83	731.515
1125.42	676
1127.02	609.071
1128.6	526.243
1130.19	446.788
1131.79	365.98
1133.37	299.091
1134.96	251.778
1136.55	220.505
1138.14	207.293
1139.73	201.778
1141.31	200.485
1142.9	202.242
1144.49	201.354
1146.07	200.424
1147.66	193.596
1149.24	189.939
1150.83	189.96
1152.41	193.677
1153.99	198.02
1155.58	205.899
1157.16	220.687
1158.74	230.747
1160.32	247.212
1161.9	252.081
1163.48	257.414
1165.07	253.859
1166.64	245.616
1168.22	230.97
1169.8	208.404
1171.38	185.475
1172.96	163.091
1174.54	145.232
1176.12	132.788
1177.69	124.99
1179.27	122.808
1180.84	124.768
1182.42	131.454
1183.99	143.414
1185.57	156.808
1187.14	173.859
1188.72	182.95
1190.29	185.192
1191.86	178.707
1193.43	168.182
1195.01	161.353
1196.58	154.566
1198.15	151.434
1199.72	152.404
1201.29	153.313
1202.86	152.323
1204.43	155.737
1206	162.545
1207.57	169.091
1209.14	175.212
1210.7	178.101
1212.27	179.01
1213.84	178.525
1215.4	174.101
1216.97	166.889
1218.53	162.95
1220.1	155.677
1221.66	150.848
1223.23	145.354
1224.79	136.707
1226.35	130.465
1227.92	125.111
1229.48	120.242
1231.04	115.131
1232.6	113.253
1234.16	111.313
1235.73	111.071
1237.29	114.162
1238.85	116.303
1240.4	123.939
1241.96	133.758
1243.52	145.152
1245.08	162.485
1246.64	185.939
1248.19	208.04
1249.75	226.263
1251.31	249.455
1252.86	269.172
1254.42	283.98
1255.97	299.05
1257.53	301.818
1259.08	291.98
1260.64	268.687
1262.19	238.525
1263.74	206.364
1265.29	181.091
1266.85	161.556
1268.4	147.354
1269.95	138.667
1271.5	135.03
1273.05	131.535
1274.6	131.899
1276.15	136.99
1277.7	145.394
1279.25	153.051
1280.79	165.071
1282.34	177.151
1283.89	189.475
1285.43	199.859
1286.98	208.02
1288.53	212.222
1290.07	213.333
1291.62	216.162
1293.16	218.485
1294.71	225.111
1296.25	232.707
1297.79	240.081
1299.34	246.586
1300.88	248.687
1302.42	258.808
1303.96	272.525
1305.5	295.051
1307.04	319.353
1308.58	326.849
1310.12	318.626
1311.66	297.798
1313.2	266.889
1314.74	241.636
1316.28	223.091
1317.81	216.081
1319.35	208.121
1320.89	202.808
1322.42	202.626
1323.96	204.808
1325.5	212.081
1327.03	224
1328.56	243.657
1330.1	264.485
1331.63	286.343
1333.17	305.596
1334.7	327.131
1336.23	338.303
1337.76	344.121
1339.3	341.475
1340.83	336.566
1342.36	333.071
1343.89	332.949
1345.42	337.253
1346.95	349.293
1348.48	365.96
1350	382.101
1351.53	399.172
1353.06	412.323
1354.59	421.939
1356.11	428.242
1357.64	427.03
1359.17	418.808
1360.69	404.768
1362.22	385.475
1363.74	360.505
1365.26	343.535
1366.79	331.172
1368.31	338.04
1369.83	358.363
1371.36	389.212
1372.88	426.889
1374.4	453.374
1375.92	457.475
1377.44	442.485
1378.96	397.475
1380.48	354.828
1382	309.172
1383.52	275.798
1385.04	251.253
1386.56	239.697
1388.07	227.556
1389.59	218.929
1391.11	212.808
1392.62	208.364
1394.14	204.121
1395.66	203.455
1397.17	207.232
1398.69	211.737
1400.2	223.98
1401.71	237.354
1403.23	251.96
1404.74	266.384
1406.25	274.606
1407.76	285.556
1409.28	291.556
1410.79	294.626
1412.3	296.566
1413.81	295.01
1415.32	287.455
1416.83	272.929
1418.34	254.869
1419.84	236.404
1421.35	219.758
1422.86	208.747
1424.37	197.636
1425.88	189.01
1427.38	180.545
1428.89	170.101
1430.39	161.192
1431.9	154.141
1433.4	145.253
1434.91	141.354
1436.41	138.687
1437.92	137.616
1439.42	138.101
1440.92	142.081
1442.42	148.99
1443.92	163.899
1445.43	184.929
1446.93	221.333
1448.43	275.616
1449.93	335.919
1451.43	395.657
1452.93	434.707
1454.43	434.646
1455.92	405.131
1457.42	351.394
1458.92	291.939
1460.42	235.879
1461.91	197.212
1463.41	166.949
1464.91	146.02
1466.4	132.646
1467.9	120.202
1469.39	111.697
1470.88	106.566
1472.38	101.596
1473.87	98.2828
1475.36	96.6667
1476.86	94.0606
1478.35	93.4747
1479.84	92.7677
1481.33	91.7778
1482.82	90.9091
1484.31	89.5757
1485.8	88.6667
1487.29	86.7878
1488.78	85.0101
1490.27	84.2424
1491.76	82.5657
1493.24	78.404
1494.73	76.9091
1496.22	73.8182
1497.71	73.9394
1499.19	70.6061
1500.68	70.7677
1502.16	69.1717
1503.65	67.2323
1505.13	67.0101
1506.62	66.7879
1508.1	67.0707
1509.58	65.5555
1511.06	64.101
1512.55	65.3738
1514.03	65.2727
1515.51	64.5455
1516.99	64.0606
1518.47	63.6364
1519.95	63.4545
1521.43	63.697
1522.91	62.2424
1524.39	63.0303
1525.87	61.9596
1527.34	61.6566
1528.82	60.4646
1530.3	59.5555
1531.77	60.5253
1533.25	60.2222
1534.73	60.404
1536.2	60.1212
1537.68	59.798
1539.15	58.8485
1540.63	60.505
1542.1	59.4949
1543.57	58.8283
1545.05	59.4747
1546.52	59.9394
1547.99	59.596
1549.46	59.899
1550.93	60.0808
1552.4	59.495
1553.87	58.2424
1555.34	59.2727
1556.81	60.2828
1558.28	58.7475
1559.75	59.2929
1561.22	58.8889
1562.69	57.2323
1564.15	57.4142
1565.62	57.9798
1567.09	58.1212
1568.55	58.2222
1570.02	57.596
1571.48	57.3131
1572.95	57.1111
1574.41	58.5454
1575.88	57.3535
1577.34	57.7576
1578.8	56.7071
1580.27	58.5657
1581.73	56.6869
1583.19	56.3838
1584.65	56.9899
1586.11	57.8788
1587.57	57.2323
1589.03	56.1818
1590.49	56.9091
1591.95	56.4445
1593.41	56.9495
1594.87	57.2121
1596.33	56.8485
1597.79	57.1313
1599.24	56.4444
1600.7	56.2626
1602.16	57.1717
1603.61	56.7677
1605.07	56.6061
1606.52	56.7677
1607.98	55.3131
1609.43	56.9495
1610.89	57.1111
1612.34	55.3939
1613.79	55.9192
1615.25	57.0101
1616.7	56.0404
1618.15	55.697
1619.6	56.5455
1621.05	55.9798
1622.5	56.8889
1623.95	56.0404
1625.4	55.1313
1626.85	56.1818
1628.3	56.2626
1629.75	56.5051
1631.19	54.9697
1632.64	57.0909
1634.09	55.5151
1635.54	56.1616
1636.98	57.0303
1638.43	56.4646
1639.87	55.9798
1641.32	55.4141
1642.76	56.3636
1644.21	56.4848
1645.65	56.6667
1647.09	55.1313
1648.54	56.8889
1649.98	56.5454
1651.42	56.3434
1652.86	56.9899
1654.31	56.8283
1655.75	55.2121
1657.19	56.7273
1658.63	55.7172
1660.07	55.4545
1661.5	56.202
1662.94	56.2424
1664.38	56.6465
1665.82	56.3838
1667.26	54.8081
1668.69	56.7071
1670.13	56.2424
1671.57	55.697
1673	55.6162
1674.44	56.101
1675.87	57.1111
1677.31	55.4545
1678.74	56.3838
1680.18	56.6061
1681.61	56.1212
1683.04	56.5455
1684.47	56.0606
1685.91	56.2424
1687.34	56.5051
1688.77	56.5253
1690.2	56.303
eof