214.471	5390.61
215.73	5443.68
216.988	5468.71
218.246	5543.09
219.504	5558.79
220.761	5582.93
222.018	5647.56
223.275	5659.31
224.531	5698.71
225.788	5718.81
227.043	5760.56
228.299	5781.43
229.554	5814.89
230.808	5841.11
232.063	5875.7
233.318	5920.63
234.572	5966.2
235.825	5994.04
237.078	6034.02
238.33	6074.77
239.583	6115.88
240.836	6174.83
242.087	6198.67
243.339	6230.99
244.59	6264.91
245.841	6285.96
247.092	6283.76
248.342	6295.92
249.592	6298.34
250.841	6310.77
252.091	6321.94
253.34	6317.41
254.588	6336.04
255.837	6350.28
257.085	6356.56
258.332	6367.03
259.58	6363.29
260.827	6371.09
262.074	6375.33
263.32	6365.11
264.566	6383.15
265.812	6367.9
267.057	6372.24
268.302	6340.46
269.547	6357.72
270.792	6341.33
272.036	6326.14
273.28	6308.69
274.523	6310.46
275.767	6321.27
277.009	6305.09
278.253	6295.46
279.495	6286.97
280.736	6275.94
281.978	6264.89
283.219	6278.32
284.46	6265.01
285.701	6257.78
286.941	6252.67
288.181	6247.52
289.421	6242.34
290.66	6259.35
291.9	6256.85
293.138	6256.55
294.377	6274.89
295.615	6284.41
296.852	6288
298.089	6275.64
299.327	6300.75
300.563	6320.18
301.8	6313.92
303.036	6334.14
304.272	6333.47
305.507	6349.01
306.743	6355.07
307.977	6380.87
309.212	6382.79
310.446	6374.85
311.68	6401.35
312.914	6394.42
314.147	6401.51
315.38	6379.64
316.613	6369.21
317.844	6366.87
319.077	6362.83
320.309	6355.68
321.54	6337.74
322.771	6337.15
324.002	6323.9
325.232	6315.58
326.462	6315.84
327.691	6288.87
328.922	6290.65
330.151	6273.62
331.379	6275.6
332.608	6247.33
333.835	6263.44
335.063	6269.11
336.291	6250.22
337.518	6260.1
338.745	6237.84
339.971	6258.32
341.197	6245.78
342.424	6251.42
343.649	6248.71
344.875	6255.13
346.1	6252.44
347.324	6238.71
348.549	6242.71
349.772	6270
350.996	6258.77
352.22	6272.93
353.442	6280.87
354.666	6282.24
355.888	6290.14
357.11	6268.71
358.331	6268.22
359.552	6242.93
360.774	6245.72
361.994	6232.51
363.215	6222.32
364.436	6208.87
365.656	6194.34
366.875	6186.18
368.094	6194.4
369.313	6155.52
370.531	6126.14
371.75	6117.94
372.968	6108.83
374.185	6081.43
375.403	6079.31
376.62	6062.18
377.837	6065.09
379.053	6055.53
380.269	6076.14
381.485	6060.73
382.7	6068.48
383.915	6083.56
385.13	6088.95
386.344	6096.77
387.558	6105.49
388.773	6105.35
389.985	6106.73
391.198	6080.91
392.411	6061.03
393.624	6078.24
394.837	6059.37
396.048	6062.97
397.26	6039.37
398.471	6055.48
399.682	6022.64
400.893	6022.87
402.103	6028.73
403.313	6035.76
404.523	6032.48
405.732	6022.44
406.941	6001.96
408.15	5998.16
409.359	5994.1
410.566	5981.98
411.774	5983.13
412.982	5979.54
414.189	5974.71
415.396	5955.25
416.603	5960.79
417.809	5941.07
419.015	5931.17
420.22	5923.82
421.425	5933.56
422.63	5920.1
423.835	5931.31
425.039	5912.49
426.243	5915.56
427.447	5911.92
428.65	5909.92
429.853	5917.54
431.056	5923.56
432.258	5928.81
433.46	5942.02
434.662	5944.89
435.864	5938.75
437.065	5949.13
438.266	5937.88
439.466	5942.91
440.667	5959.98
441.866	5935.53
443.066	5943.39
444.265	5939.23
445.464	5924.67
446.663	5934.46
447.861	5939.5
449.059	5933.58
450.256	5930.34
451.454	5914.71
452.651	5888.87
453.848	5878.81
455.044	5860.3
456.24	5847.92
457.436	5816.59
458.631	5807.35
459.826	5789.78
461.021	5797.82
462.216	5789.94
463.411	5790.36
464.604	5751.05
465.798	5761.88
466.991	5734.18
468.184	5736.83
469.377	5726.47
470.569	5717.13
471.761	5704.14
472.953	5714.48
474.144	5693.62
475.336	5702.1
476.526	5691.17
477.717	5684.28
478.906	5699.78
480.097	5694.63
481.286	5706.85
482.475	5708.06
483.663	5733.21
484.852	5739.98
486.04	5759.72
487.228	5763.33
488.416	5776
489.604	5773.19
490.79	5754.34
491.977	5740.28
493.163	5736.97
494.35	5729.33
495.535	5726.38
496.721	5696.57
497.906	5680.91
499.091	5676.79
500.275	5662.02
501.46	5649.07
502.643	5644.65
503.827	5618.1
505.01	5616.63
506.193	5610.48
507.375	5603.74
508.557	5601.31
509.739	5585.78
510.921	5565.07
512.102	5573.33
513.284	5536.79
514.464	5538.22
515.645	5527.13
516.825	5518.02
518.005	5499.05
519.184	5497.23
520.363	5499.27
521.543	5486.12
522.721	5484.02
523.899	5466.34
525.077	5433.66
526.254	5443.21
527.432	5434.75
528.609	5419.88
529.785	5415.27
530.962	5402.4
532.138	5391.67
533.313	5408.83
534.488	5385.52
535.664	5371.98
536.838	5359.98
538.013	5354.77
539.187	5355.11
540.361	5341.07
541.534	5353.88
542.708	5345.86
543.881	5341.11
545.054	5334.3
546.226	5330.16
547.398	5326.91
548.569	5326.77
549.741	5321.45
550.912	5335.07
552.083	5335.27
553.253	5335.35
554.423	5346.4
555.593	5351.86
556.763	5335.29
557.932	5343.72
559.101	5343.21
560.269	5317.15
561.437	5305.29
562.605	5290.99
563.773	5286.32
564.94	5297.43
566.107	5285.27
567.273	5277.74
568.44	5265.33
569.606	5264.02
570.772	5239.64
571.937	5227.21
573.102	5224.3
574.267	5222.95
575.432	5218.24
576.596	5193.51
577.76	5194.58
578.924	5181.13
580.086	5194.79
581.25	5178.71
582.412	5174.63
583.575	5155.8
584.737	5156.18
585.898	5156.65
587.06	5141.15
588.221	5126.71
589.382	5123.29
590.542	5105.66
591.702	5096.81
592.863	5088.71
594.022	5080.26
595.181	5058.42
596.34	5060.08
597.499	5048.54
598.657	5040.2
599.815	5041.29
600.972	5036.08
602.13	5027.51
603.287	5010.63
604.444	5013.96
605.6	5003.27
606.756	5000.59
607.912	5004.26
609.068	4994.65
610.223	4985.21
611.378	4979.52
612.533	4978.81
613.687	4977.19
614.841	4965.8
615.995	4975.57
617.148	4957.82
618.301	4965.56
619.453	4948.83
620.606	4942.99
621.758	4946.61
622.91	4938.57
624.062	4947.11
625.213	4942.65
626.364	4948.85
627.514	4942.77
628.664	4932.47
629.815	4924.12
630.964	4919.29
632.114	4923.94
633.263	4911.21
634.411	4915.45
635.56	4907.45
636.708	4910.3
637.856	4893.25
639.003	4882.02
640.151	4881.88
641.297	4874.24
642.444	4855.76
643.59	4866.46
644.736	4853.01
645.881	4830.51
647.027	4807.33
648.172	4806.79
649.317	4792.26
650.461	4785.33
651.606	4772.52
652.749	4761.74
653.893	4757.76
655.036	4750.34
656.179	4741.21
657.321	4727.72
658.464	4720.4
659.606	4711.35
660.747	4700.83
661.888	4690.48
663.029	4684.87
664.171	4688.02
665.311	4681.39
666.451	4663.17
667.59	4665.29
668.73	4656.12
669.87	4676.89
671.008	4658.57
672.147	4640.61
673.285	4632.49
674.423	4629.03
675.561	4637.58
676.698	4627.8
677.835	4624.34
678.972	4625.56
680.108	4613.05
681.244	4621.23
682.38	4611.05
683.516	4605.49
684.651	4599.98
685.786	4586.69
686.92	4588.14
688.055	4579.94
689.189	4585.19
690.323	4588.16
691.456	4592.75
692.589	4594.28
693.721	4577.33
694.854	4578.77
695.986	4589.96
697.118	4563.98
698.25	4569.86
699.381	4575.45
700.512	4558.85
701.642	4555.94
702.773	4553.94
703.902	4541.74
705.033	4526.83
706.162	4523.52
707.291	4485.98
708.42	4488.45
709.548	4464.91
710.677	4458.2
711.805	4436.52
712.932	4432.83
714.059	4417.76
715.186	4409.41
716.312	4408.04
717.439	4394.06
718.565	4390.1
719.691	4388.95
720.816	4378.48
721.941	4365.35
723.066	4358.77
724.19	4344.02
725.315	4333.11
726.439	4339.23
727.562	4329.09
728.686	4330.4
729.809	4315.76
730.931	4308.51
732.053	4308.02
733.176	4311.8
734.298	4303.41
735.419	4295.5
736.54	4286.08
737.661	4281.8
738.782	4292.32
739.902	4286.73
741.022	4273.35
742.142	4274.48
743.26	4276.22
744.38	4275.09
745.498	4267.41
746.617	4257.17
747.735	4266.2
748.853	4261.96
749.97	4244.81
751.087	4245.43
752.204	4251.43
753.321	4239.96
754.438	4239.72
755.553	4237.6
756.669	4236.77
757.785	4230
758.9	4231.25
760.014	4228.3
761.129	4211.66
762.243	4219.6
763.357	4215.78
764.47	4197.29
765.584	4205.7
766.696	4193.05
767.81	4191.74
768.922	4189.07
770.034	4177.41
771.146	4182.4
772.257	4154.08
773.368	4169.68
774.479	4153.98
775.59	4154.87
776.7	4152.22
777.809	4145.07
778.919	4131.11
780.029	4126.89
781.138	4107.23
782.247	4109.96
783.354	4097.56
784.463	4089.21
785.571	4090.42
786.678	4082.34
787.785	4076.59
788.893	4058.95
789.999	4058.89
791.105	4041.54
792.212	4046.4
793.317	4033.27
794.422	4033.41
795.527	4024.85
796.632	4020.47
797.736	4014.36
798.84	4012.65
799.945	3995.47
801.049	3998
802.151	3983.51
803.254	3981.88
804.357	3979.19
805.459	3976.55
806.562	3969.23
807.663	3967.09
808.765	3951.82
809.866	3952.83
810.967	3948.58
812.067	3941.29
813.168	3941.94
814.267	3928.34
815.367	3922.22
816.466	3925.76
817.566	3918.81
818.665	3928.95
819.763	3913.11
820.861	3898.81
821.959	3910.32
823.056	3904.14
824.154	3902.83
825.25	3895.9
826.348	3898.83
827.444	3887.94
828.54	3887.88
829.635	3894.93
830.731	3887.82
831.826	3874.04
832.921	3892.77
834.015	3890.2
835.11	3872.26
836.204	3877.29
837.297	3878.65
838.391	3866.1
839.484	3861.43
840.576	3862.73
841.669	3861.52
842.762	3854.97
843.853	3850.57
844.945	3848.83
846.036	3838.12
847.127	3834.63
848.217	3823.88
849.308	3828.73
850.398	3816.4
851.488	3827.07
852.577	3819.09
853.666	3802.26
854.755	3796.61
855.844	3804.67
856.932	3797.37
858.02	3792.73
859.108	3794.04
860.195	3774.71
861.282	3772.34
862.369	3757.78
863.455	3765.23
864.541	3770.71
865.627	3754.85
866.713	3753.78
867.798	3743.03
868.883	3751.05
869.967	3744.43
871.052	3745.45
872.136	3745.05
873.22	3746.81
874.303	3748.18
875.386	3754.89
876.469	3758.04
877.552	3773.37
878.634	3775.07
879.716	3786.42
880.797	3804.18
881.879	3803.74
882.96	3812.16
884.041	3833.39
885.122	3828.63
886.201	3827.35
887.281	3830.12
888.361	3831.25
889.441	3823.58
890.519	3809.17
891.598	3800.67
892.677	3779.21
893.755	3777.43
894.832	3754.89
895.91	3733.29
896.987	3722.24
898.064	3698.06
899.141	3697.54
900.216	3675.9
901.293	3644.79
902.369	3644.89
903.444	3635.25
904.519	3616.22
905.594	3618.42
906.669	3609.25
907.742	3606.1
908.817	3593.44
909.89	3596.12
910.963	3586.08
912.036	3563.47
913.109	3568.69
914.182	3555.07
915.254	3546.14
916.326	3533.98
917.397	3537.33
918.469	3538.59
919.54	3521.25
920.61	3518.87
921.68	3516.5
922.751	3513.92
923.82	3505.19
924.889	3518.65
925.959	3506.63
927.027	3497.54
928.097	3502.97
929.165	3495.7
930.233	3495.35
931.3	3494.34
932.368	3499.94
933.434	3494.77
934.502	3505.76
935.568	3504.08
936.635	3510.18
937.7	3520.53
938.766	3526.34
939.831	3531.74
940.896	3549.11
941.961	3556.44
943.025	3570.95
944.09	3590.38
945.153	3605.66
946.217	3610.79
947.28	3601.21
948.343	3585.58
949.405	3544.97
950.468	3510.89
951.53	3483.35
952.592	3450.18
953.654	3427.03
954.715	3417.68
955.776	3401.9
956.836	3390.87
957.896	3395.76
958.957	3392.08
960.016	3373.09
961.076	3383.21
962.134	3382.83
963.193	3377.21
964.252	3379.78
965.31	3381.94
966.368	3377.37
967.425	3364.24
968.483	3360.55
969.54	3360.26
970.597	3345.98
971.653	3353.8
972.709	3343.11
973.765	3344.3
974.821	3341.8
975.876	3330.12
976.931	3333.35
977.986	3331.54
979.04	3322.73
980.094	3323.39
981.148	3322.85
982.202	3313.68
983.255	3308.71
984.308	3309.19
985.36	3311.37
986.413	3292.61
987.465	3296.1
988.516	3295.33
989.568	3293.92
990.619	3282.87
991.67	3291.17
992.72	3281.84
993.771	3279.92
994.82	3278.34
995.87	3277.78
996.92	3271.46
997.969	3259.03
999.017	3246.93
1000.07	3247.35
1001.11	3251.54
1002.16	3252.14
1003.21	3239.11
1004.26	3228.46
1005.3	3234.26
1006.35	3222.99
1007.4	3226.91
1008.44	3228.06
1009.49	3222.3
1010.54	3217.45
1011.58	3216.2
1012.63	3222.42
1013.67	3213.78
1014.71	3210.3
1015.76	3211.07
1016.8	3207.01
1017.85	3210.32
1018.89	3216.69
1019.93	3212.81
1020.97	3213.64
1022.02	3212.2
1023.06	3211.35
1024.1	3209.96
1025.14	3205.03
1026.18	3207.66
1027.22	3202.89
1028.27	3208.32
1029.31	3195.17
1030.35	3198.75
1031.39	3194.02
1032.42	3203.31
1033.46	3195.92
1034.5	3206.04
1035.54	3198.93
1036.58	3185.76
1037.62	3192.16
1038.66	3181.31
1039.69	3186.12
1040.73	3183.98
1041.77	3190.24
1042.8	3185.9
1043.84	3190.77
1044.88	3193.45
1045.91	3200.32
1046.95	3205.88
1047.98	3203.98
1049.02	3201.86
1050.05	3199.01
1051.08	3200.18
1052.12	3207.96
1053.15	3196.18
1054.18	3190.73
1055.22	3184.28
1056.25	3169.66
1057.28	3169.94
1058.32	3154.89
1059.35	3148.49
1060.38	3154.55
1061.41	3148.16
1062.44	3145.9
1063.47	3133.78
1064.5	3128.83
1065.53	3128.32
1066.56	3122.55
1067.59	3114.02
1068.62	3116.55
1069.65	3112.77
1070.68	3117.21
1071.71	3118.79
1072.73	3103.62
1073.76	3112.3
1074.79	3108.59
1075.82	3096.06
1076.84	3111.48
1077.87	3099.76
1078.9	3107.98
1079.92	3117.17
1080.95	3109.56
1081.97	3117.6
1083	3104.18
1084.02	3105.05
1085.05	3122.51
1086.07	3117.74
1087.1	3123.01
1088.12	3135.51
1089.14	3126.89
1090.17	3144.16
1091.19	3141.33
1092.21	3153.56
1093.23	3161.96
1094.26	3175.52
1095.28	3188.5
1096.3	3190.56
1097.32	3199.01
1098.34	3186.91
1099.36	3188.22
1100.38	3180.02
1101.4	3178.87
1102.42	3178.08
1103.44	3173.21
1104.46	3174.59
1105.48	3163.17
1106.5	3152.93
1107.52	3143.64
1108.53	3139.01
1109.55	3125.78
1110.57	3112.87
1111.59	3105.01
1112.6	3073.43
1113.62	3067.03
1114.64	3051.5
1115.65	3036.18
1116.67	3022.3
1117.68	3010.22
1118.7	2997.76
1119.71	2990.71
1120.73	2988.4
1121.74	2980.53
1122.76	2977.66
1123.77	2974.73
1124.78	2970.32
1125.8	2965.48
1126.81	2962.65
1127.82	2955.6
1128.83	2960.46
1129.84	2950.14
1130.86	2944.3
1131.87	2934.91
1132.88	2942.16
1133.89	2933.23
1134.9	2940.87
1135.91	2942.46
1136.92	2961.68
1137.93	2954.08
1138.94	2954.14
1139.95	2957.33
1140.96	2948.12
1141.96	2944.44
1142.97	2938.51
1143.98	2939.41
1144.99	2925.62
1145.99	2915.72
1147	2897.17
1148.01	2879.01
1149.02	2864.71
1150.02	2846.34
1151.03	2834.36
1152.03	2817.27
1153.04	2796.22
1154.04	2797.44
1155.05	2781.72
1156.05	2773.31
1157.06	2755.96
1158.06	2746.34
1159.06	2741.9
1160.07	2737.72
1161.07	2732.65
1162.07	2727.9
1163.08	2701.92
1164.08	2706
1165.08	2706.53
1166.08	2691.68
1167.08	2696.42
1168.08	2682.59
1169.08	2678.28
1170.08	2662.97
1171.08	2669.31
1172.08	2660.38
1173.08	2655.01
1174.08	2658.73
1175.08	2646.34
1176.08	2640.81
1177.08	2648.54
1178.08	2642.61
1179.07	2639.31
1180.07	2640.81
1181.07	2636.44
1182.07	2631.62
1183.06	2630.34
1184.06	2633.98
1185.06	2628.73
1186.05	2633.96
1187.05	2634.38
1188.04	2638.1
1189.04	2631.88
1190.03	2647.88
1191.03	2646.08
1192.02	2653.09
1193.01	2646.14
1194.01	2656.48
1195	2653.47
1195.99	2657.29
1196.99	2652.5
1197.98	2657.64
1198.97	2648.97
1199.96	2644.02
1200.95	2634.71
1201.95	2634.53
1202.94	2632.24
1203.93	2621.41
1204.92	2619.13
1205.91	2612.4
1206.9	2609.25
1207.89	2609.46
1208.88	2601.52
1209.86	2610.22
1210.85	2605.11
1211.84	2605.11
1212.83	2606.61
1213.82	2616.4
1214.81	2603.23
1215.79	2606.73
1216.78	2606.51
1217.77	2601.19
1218.75	2598.75
1219.74	2591.96
1220.72	2602.59
1221.71	2603.98
1222.7	2593.84
1223.68	2592.75
1224.67	2588.1
1225.65	2589.86
1226.63	2583.39
1227.62	2579.56
1228.6	2577.29
1229.58	2576.26
1230.57	2578.97
1231.55	2577.17
1232.53	2577.33
1233.51	2563.88
1234.5	2569.51
1235.48	2563.9
1236.46	2567.11
1237.44	2565.54
1238.42	2566.16
1239.4	2564.22
1240.38	2570.3
1241.36	2571.07
1242.34	2561.92
1243.32	2563.03
1244.3	2564.1
1245.28	2567.82
1246.26	2565.41
1247.24	2572.81
1248.21	2566.02
1249.19	2563.52
1250.17	2568.97
1251.15	2566.38
1252.12	2564.93
1253.1	2569.23
1254.08	2577.82
1255.05	2572
1256.03	2574
1257	2570.36
1257.98	2574.95
1258.95	2565.47
1259.93	2549.33
1260.9	2542.97
1261.87	2535.15
1262.85	2526.51
1263.82	2509.82
1264.79	2504.02
1265.77	2486.65
1266.74	2478.34
1267.71	2478.32
1268.68	2462.71
1269.66	2455.17
1270.63	2451.86
1271.6	2444.18
1272.57	2438.32
1273.54	2427.92
1274.51	2432.61
1275.48	2422.75
1276.45	2422.73
1277.42	2428.93
1278.39	2424.91
1279.36	2416.48
1280.33	2412.26
1281.29	2407.62
1282.26	2410.06
1283.23	2400.57
1284.2	2405.64
1285.17	2407.21
1286.13	2406.12
1287.1	2402.36
1288.07	2397.88
1289.03	2403.01
1290	2397.82
1290.96	2405.74
1291.93	2402.65
1292.89	2394.83
1293.86	2401.31
1294.82	2398.57
1295.79	2401.21
1296.75	2404.3
1297.71	2405.84
1298.68	2411.45
1299.64	2403.7
1300.6	2403.11
1301.56	2410.18
1302.53	2409.88
1303.49	2420.1
1304.45	2410.2
1305.41	2417.37
1306.37	2422.48
1307.33	2427.66
1308.29	2418.87
1309.25	2417.19
1310.21	2424.63
1311.17	2422.1
1312.13	2433.7
1313.09	2428.42
1314.05	2425.39
1315.01	2428.99
1315.97	2430.28
1316.93	2441.94
1317.88	2431.76
1318.84	2436.16
1319.8	2444.46
1320.75	2439.35
1321.71	2436.52
1322.67	2423.98
1323.62	2409.19
1324.58	2416.99
1325.53	2404.26
1326.49	2393.05
1327.44	2384.65
