101.041	74.8844
102.329	77.5578
103.616	77.598
104.901	80.6533
106.188	83.1457
107.473	84.7839
108.758	89.3065
110.044	94.5326
111.328	99.8593
112.613	104.362
113.896	108.844
115.18	111.417
116.464	113.327
117.747	113.578
119.029	114.03
120.311	116.251
121.594	115.719
122.875	116.633
124.157	115.678
125.437	117.548
126.718	116.372
127.999	118.442
129.279	117.075
130.558	116.513
131.838	116.834
133.117	115.106
134.395	114.121
135.673	113.598
136.951	114.101
138.229	113.146
139.506	112.794
140.784	112.734
142.06	111.538
143.336	112.111
144.613	112.392
145.888	113.457
147.163	112.05
148.438	111.93
149.713	111.196
150.988	110.754
152.262	111.035
153.535	110.955
154.809	109.457
156.082	109.97
157.354	109.98
158.627	110.271
159.899	108.503
161.17	108.603
162.441	109.136
163.712	108.714
164.983	108.673
166.254	108.472
167.524	107.588
168.794	107.588
170.063	107.849
171.333	109.035
172.601	108.241
173.87	107.327
175.137	108.03
176.405	108.472
177.673	108.312
178.94	108.322
180.206	108.241
181.473	109.498
182.739	108.191
184.005	108.312
185.27	109.638
186.535	108.492
187.8	107.568
189.065	108.08
190.328	107.93
191.593	108.261
192.856	107.709
194.119	107.93
195.381	106.884
196.644	108.191
197.906	106.211
199.168	107.327
200.429	105.729
201.691	108.07
202.952	105.94
204.212	106.995
205.472	106.904
206.732	106.985
207.992	106.884
209.251	108.101
210.509	106.854
211.768	108.322
213.027	108.945
214.284	109.307
215.541	110.533
216.798	110.492
218.056	109.588
219.312	109.849
220.568	110.241
221.824	110.291
223.08	110.945
224.335	108.281
225.59	109.598
226.844	108.472
228.099	107.97
229.352	107.126
230.606	104.794
231.859	103.035
233.113	102.905
234.365	102.894
235.617	101.206
236.869	100.191
238.121	100.08
239.373	98.8643
240.623	97.9598
241.874	97.397
243.124	96.8844
244.374	95.7186
245.623	95.9296
246.873	95.1658
248.122	94.9648
249.371	97.005
250.62	96.4523
251.867	96.1407
253.115	96.2713
254.362	95.0754
255.609	95.3065
256.856	96.0402
258.102	96.4924
259.348	97.0452
260.594	98.392
261.84	98.5829
263.085	97.8291
264.329	98.3417
265.574	98.3216
266.818	100.362
268.061	101.186
269.305	100.623
270.548	101.688
271.791	102.241
273.033	102.874
274.275	103.889
275.517	105.126
276.758	106.995
278	107.407
279.241	108.452
280.482	110.171
281.721	110.794
282.961	112.06
284.201	113.95
285.44	113.296
286.679	115.95
287.917	117.457
289.156	116.935
290.393	117.367
291.631	119.497
292.868	119.417
294.106	120.432
295.342	121.236
296.578	120.804
297.814	120.834
299.05	120.131
300.285	119.678
301.52	118.613
302.754	117.186
303.988	116.07
305.222	115.065
306.456	112.02
307.69	109.829
308.923	108.121
310.155	106.945
311.388	103.91
312.62	102.452
313.852	100.302
315.083	97.9699
316.313	96.7638
317.545	95.186
318.775	94.01
320.005	93.3267
321.234	91.9498
322.464	91.3266
323.693	90.2714
324.922	89.8894
326.151	89.3166
327.378	88.1206
328.607	87.799
329.834	86.9849
331.061	87.8995
332.288	87.186
333.514	86.1306
334.74	87.005
335.966	86.9146
337.192	86.5628
338.417	86.7337
339.642	87.3367
340.867	87.8191
342.091	88.1608
343.315	88.2814
344.538	88.603
345.762	90.1608
346.985	90.3517
348.208	90.1709
349.429	90.211
350.651	90.7337
351.873	90.2513
353.094	89.7889
354.316	90.7236
355.536	90.3216
356.757	90.7538
357.977	90.9347
359.196	89.6583
360.416	91.2663
361.635	90.6633
362.853	89.206
364.072	89.9598
365.29	90.0201
366.508	89.8091
367.725	90.4523
368.942	90.2211
370.16	90.5528
371.376	91.4271
372.592	91.2965
373.808	92.01
375.023	92.8945
376.238	93.3869
377.453	95.4271
378.667	98.5226
379.882	101.769
381.096	103.859
382.309	109.417
383.522	114.442
384.736	119.93
385.948	124.131
387.16	131.226
388.372	135.447
389.584	138.372
390.796	141.749
392.007	145.146
393.217	148.1
394.428	150.573
395.637	150.774
396.848	148.804
398.057	146.955
399.266	143.99
400.474	140.603
401.683	137.98
402.891	133.799
404.099	130.372
405.306	125.899
406.513	122.995
407.72	118.211
408.926	114.714
410.133	114.804
411.339	114.07
412.544	116.653
413.749	119.045
414.954	122.01
416.159	123.136
417.363	126.915
418.566	127.307
419.77	129.628
420.974	128.764
422.177	128.05
423.379	125.96
424.582	124.231
425.784	122.312
426.985	119.779
428.187	117.266
429.388	114.975
430.589	113.91
431.789	109.407
432.989	107.116
434.188	105.95
435.388	104.905
436.587	101.648
437.786	100.704
438.984	99.2362
440.182	98.3216
441.38	96.7939
442.578	96.1809
443.775	93.9296
444.972	92.5729
446.168	92.5126
447.365	90.6432
448.561	89.9096
449.756	89.0754
450.952	87.9297
452.147	86.7538
453.341	85.0151
454.536	83.9497
455.729	82.1106
456.923	80.9046
458.117	78.7739
459.309	79.0352
460.503	76.6834
461.695	75.7387
462.886	75.3065
464.078	74.5427
465.269	73.7086
466.461	73.4874
467.652	72.5126
468.842	73.1859
470.033	73.0452
471.222	72.9447
472.412	73.6281
473.601	74.593
474.79	74.9347
475.978	75.0954
477.167	75.7287
478.355	78.1508
479.542	77.6884
480.729	77.9196
481.916	79.9397
483.103	80.1005
484.289	82.6432
485.475	84.6935
486.661	87.5779
487.846	90.6231
489.031	93.5276
490.216	96.7939
491.401	100.955
492.585	104.513
493.769	107.568
494.952	112.161
496.135	114.201
497.318	116.412
498.501	117.91
499.683	120.332
500.865	121.176
502.046	121.729
503.228	122.412
504.409	121.437
505.589	121.095
506.769	118.683
507.95	118.884
509.129	118.271
510.308	116.925
511.487	117.075
512.666	117.558
513.844	116.673
515.022	117.477
516.2	119.658
517.378	121.93
518.555	124.663
519.732	130.523
520.908	135.709
522.084	144.201
523.26	154.342
524.435	166.553
525.611	181.487
526.786	193.467
527.96	207.357
529.135	218.472
530.308	222.844
531.482	226.573
532.655	226.704
533.829	224.261
535.001	215.598
536.173	205.96
537.345	195.729
538.517	185.397
539.689	175.568
540.86	164.191
542.031	155.427
543.201	147.186
544.372	136.945
545.541	130.543
546.71	124.121
547.879	118.754
549.048	113.467
550.217	108.955
551.385	104.513
552.553	101.146
553.721	98.0804
554.888	95.6382
556.056	92.3116
557.222	91.3668
558.388	89.0553
559.554	87.6382
560.72	85.9196
561.885	84.4221
563.05	82.3115
564.215	82.5427
565.38	80.3618
566.544	79.5478
567.708	78.0101
568.871	78.0804
570.034	76.9045
571.197	75.6583
572.36	74.8141
573.522	74.4221
574.684	73.0653
575.846	73.3266
577.007	72.3618
578.168	71.7085
579.329	70.8643
580.49	71.9196
581.65	70.8543
582.809	70.4724
583.969	70.7638
585.128	69.7287
586.287	69.4975
587.445	69.4874
588.603	69.4171
589.761	68.6332
590.919	69.1457
592.076	69.3467
593.233	68.9146
594.389	68.2613
595.546	68.5829
596.702	68.3919
597.858	68.0302
599.012	68.0703
600.168	68.8342
601.322	67.8392
602.477	67.6985
603.631	67.206
604.785	67.7488
605.938	68.0704
607.091	67.6985
608.244	68.8342
609.396	68.5025
610.549	68.7437
611.7	68.2513
612.852	69.0151
614.003	68.995
615.154	69.9095
616.305	69.5076
617.455	70.7638
618.605	70.0904
619.755	69.5176
620.905	69.4673
622.054	69.9799
623.202	70.2714
624.351	69.7487
625.499	69.5075
626.647	69.789
627.794	68.4824
628.942	68.7035
630.089	68.4924
631.235	67.196
632.381	65.9799
633.528	64.995
634.673	64.8342
635.818	64.6834
636.963	64.7437
638.108	64.3718
639.252	64.9347
640.396	65.3367
641.54	64.7638
642.683	66.2814
643.827	65.9899
644.969	66.5326
646.112	66.8743
647.254	66.9548
648.396	67.608
649.538	67.1558
650.679	66.8442
651.82	66.8744
652.961	67.1055
654.101	66.5025
655.241	66.1608
656.38	66.1507
657.52	65.6985
658.659	65.5879
659.798	65.1658
660.937	64.4724
662.074	63.9296
663.212	64.0603
664.35	63.2764
665.487	63.4874
666.624	62.4322
667.761	62.4321
668.897	63.2965
670.033	62.9548
671.169	63.1759
672.304	63.1357
673.439	63.0653
674.574	63.0251
675.708	63.196
676.843	63.2965
677.976	64.5427
679.11	65.0754
680.243	65.5176
681.376	65.6483
682.508	66.603
683.64	66.7035
684.772	66.995
685.904	67.1457
687.036	66.5628
688.166	67.6684
689.297	67.5377
690.427	68.0402
691.557	68.402
692.687	68.5327
693.817	68.5427
694.946	69.3668
696.075	69.2864
697.203	68.7035
698.331	68.7437
699.46	67.9498
700.587	68.1809
701.715	67.7186
702.841	66.7035
703.968	65.8191
705.095	66.2713
706.22	65.397
707.346	64.3115
708.472	63.3869
709.597	62.1306
710.721	61.4372
711.846	61.7889
712.97	59.3869
714.094	59.5075
715.218	58.7839
716.341	58.2513
717.464	58.5226
718.586	57.3769
719.709	56.8945
720.831	57.799
721.953	56.4523
723.074	56.9648
724.195	56.6432
725.316	56.9648
726.436	55.8894
727.557	56.0503
728.676	56.191
729.796	57.0854
730.915	57.6282
732.034	57.1457
733.153	57.5377
734.271	58.4221
735.389	58.7337
736.506	59.3367
737.624	60.2613
738.741	61.196
739.858	61.3367
740.974	62.2111
742.091	63.9296
743.207	64.9045
744.322	66.2312
745.438	66.6935
746.552	68.6131
747.667	69.8291
748.781	70.7136
749.895	71.2563
751.009	72.4422
752.123	73.7286
753.235	75.005
754.348	74.2412
755.46	75.0654
756.573	74.1909
757.685	74.9749
758.796	74.6432
759.907	73.6281
761.018	73.9297
762.129	72.5025
763.24	71.4573
764.349	70.4724
765.46	70.5728
766.569	67.9799
767.678	68.1708
768.786	66.6432
769.895	66.0703
771.003	65.1457
772.111	63.7889
773.218	62.6834
774.326	61.9096
775.432	61.5075
776.54	60.0905
777.646	59.1759
778.752	59.1558
779.858	59.1357
780.963	58.0502
782.068	57.3668
783.173	57.397
784.277	56.9849
785.382	57.0754
786.485	56.6332
787.589	56.5628
788.692	55.7387
789.795	55.4573
790.898	55.8895
792	55.7286
793.102	55.6382
794.204	55.9598
795.306	55.9296
796.407	55.8794
797.508	56.2613
798.608	55.6583
799.708	55.8995
800.808	55.3769
801.908	55.7086
803.007	55.8392
804.106	55.7387
805.205	56.6432
806.303	56.2915
807.401	58
808.499	57.3367
809.597	58.6633
810.693	58.0201
811.791	59.6583
812.887	60.7437
813.983	62.8945
815.079	63.8392
816.175	65.9598
817.27	67.0653
818.365	69.8493
819.46	71.8091
820.555	74.7538
821.648	75.4271
822.742	79.0251
823.836	81.608
824.929	84.412
826.022	87.5578
827.114	91.1458
828.206	93.7286
829.299	97.9598
830.39	100.231
831.482	103.256
832.573	106.432
833.663	109.508
834.754	113.598
835.844	115.186
836.934	116.874
838.023	118.533
839.113	119.497
840.202	119.136
841.291	119.668
842.379	117.92
843.467	116.834
844.555	113.628
845.642	113.246
846.729	110.312
847.816	107.668
848.902	104.583
849.988	102.693
851.075	99.3166
852.16	97.8191
853.246	94.5226
854.33	92.6834
855.415	91.0151
856.5	89.3065
857.583	87.9498
858.667	86.5427
859.751	84.0502
860.834	81.8593
861.917	80.1005
863	77.6784
864.081	76.5025
865.164	75.2463
866.245	73.2663
867.327	71.8794
868.408	71.6081
869.488	69.8493
870.569	69.0955
871.649	67.8593
872.729	68.4623
873.808	66.2412
874.888	65.5779
875.967	66.1407
877.045	66.5025
878.123	66.4623
879.201	67.0151
880.279	67.4975
881.357	69.1357
882.434	69.3266
883.511	70.8141
884.588	71.2764
885.664	73.1256
886.74	74.392
887.815	77.2864
888.891	79.6181
889.966	80.5829
891.04	82.7538
892.115	85.8191
893.189	87.1558
894.262	88.0904
895.336	91.2563
896.409	92.0804
897.482	94.0302
898.555	95.7688
899.627	97.206
900.699	100.312
901.771	101.678
902.842	104.523
903.913	105.91
904.984	108.291
906.055	109.457
907.125	111.015
908.194	112.894
909.264	112.925
910.333	113.447
911.402	114.09
912.471	112.432
913.539	111.447
914.607	108.764
915.675	106.312
916.743	102.281
917.81	98.0301
918.877	94.8141
919.944	90.0402
921.01	85.9698
922.076	82.1005
923.142	76.8442
924.207	75.3266
925.272	70.5528
926.337	68.3719
927.401	66.2311
928.465	64.8442
929.529	63.0854
930.593	61.5779
931.656	61.0251
932.719	59.9598
933.781	59.2563
934.844	58.7337
935.906	57.8693
936.968	59.1759
938.029	57.9598
939.09	57.6281
940.151	57.8191
941.212	57.5075
942.273	58.4121
943.332	57.6985
944.392	57.8995
945.451	57.1658
946.511	57.7789
947.569	56.3819
948.628	56.3518
949.686	57.2965
950.744	56.0402
951.802	55.8291
952.859	55.5377
953.916	55.9498
954.972	55.2663
956.029	55.1759
957.085	55.6683
958.141	55.3769
959.196	55.2261
960.252	55.8593
961.307	54.4824
962.361	55.196
963.416	55.6081
964.47	55.1156
965.523	55.5075
966.576	55.9497
967.63	55.799
968.683	55.7287
969.735	56.4724
970.787	56.1407
971.839	56.9849
972.891	57.0754
973.942	58.402
974.993	58.5226
976.044	59.4874
977.094	59.5277
978.144	58.9849
979.194	60.5226
980.244	60.593
981.293	60.8844
982.342	61.6985
983.391	61.5578
984.439	62.3618
985.487	63.3567
986.535	65.0754
987.582	66.1005
988.63	65.9699
989.676	66.0402
990.723	67.5578
991.769	68.0804
992.815	69.0754
993.861	70.814
994.906	70.1608
995.951	72.6332
996.996	72.8141
998.04	74.0302
999.085	74.2613
1000.13	74.9347
1001.17	75.9498
1002.22	76.5226
1003.26	77.9095
1004.3	78.5025
1005.34	79.4271
1006.39	79.4874
1007.43	79.8794
1008.47	79.5377
1009.51	80.3116
1010.55	78.9447
1011.59	78.8543
1012.63	79.1759
1013.67	78.5025
1014.71	78.5226
1015.75	78.5025
1016.79	77.588
1017.83	78.0703
1018.87	77.7889
1019.91	78.7035
1020.94	77.7688
1021.98	77.8894
1023.02	77.5377
1024.06	78.1206
1025.09	77.4472
1026.13	78.8141
1027.17	78.8241
1028.2	79.3266
1029.24	79.2563
1030.27	79.3568
1031.31	80.7538
1032.34	80.6331
1033.38	79.9699
1034.41	81.7688
1035.44	81.7889
1036.48	82.5126
1037.51	82.5628
1038.54	83.6985
1039.58	83.3668
1040.61	83.4774
1041.64	84.3618
1042.67	84.402
1043.7	85.5779
1044.74	86.4121
1045.77	87.0653
1046.8	87.2362
1047.83	87.8593
1048.86	87.8895
1049.89	88.1005
1050.92	87.8593
1051.95	88.794
1052.97	90.0603
1054	89.2965
1055.03	88.593
1056.06	90
1057.09	89.7085
1058.11	90.5427
1059.14	90.4221
1060.17	92
1061.19	92.7236
1062.22	93.6482
1063.25	95.5075
1064.27	97.196
1065.3	99.6382
1066.32	101.588
1067.35	102.603
1068.37	104.724
1069.4	105.97
1070.42	106.945
1071.44	107.779
1072.47	108.101
1073.49	107.729
1074.51	107.769
1075.53	106.492
1076.56	106.141
1077.58	104.332
1078.6	101.98
1079.62	100.864
1080.64	99.7487
1081.66	98.9548
1082.68	98.8643
1083.7	95.7789
1084.72	94.9749
1085.74	96.2111
1086.76	96.1407
1087.78	97.0653
1088.8	99.3467
1089.82	99.4271
1090.83	101.709
1091.85	102.432
1092.87	104.442
1093.89	104
1094.9	106.492
1095.92	107.678
1096.94	108.975
1097.95	110.01
1098.97	111.206
1099.98	111.246
1101	111.869
1102.01	111.869
1103.03	111.92
1104.04	113.146
1105.06	113.487
1106.07	113.709
1107.08	114.201
1108.09	114.161
1109.11	114.613
1110.12	115.518
1111.13	116.151
1112.14	118.633
1113.16	119.417
1114.17	119.467
1115.18	121.467
1116.19	121.719
1117.2	122.563
1118.21	124.543
1119.22	126.141
1120.23	124.442
1121.24	125.367
1122.25	126.111
1123.25	125.176
1124.26	124.211
1125.27	123.508
1126.28	123.809
1127.29	120.844
1128.29	121.437
1129.3	118.432
1130.31	117.437
1131.31	116.422
1132.32	114.02
1133.32	112.08
1134.33	112.428
1135.34	111.091
1136.34	108.534
1137.34	108.074
1138.35	106.778
1139.35	106.131
1140.36	105.238
1141.36	104.726
1142.36	103.691
1143.37	102.4
1144.37	101.001
1145.37	99.0861
1146.37	98.852
1147.37	97.0018
1148.38	95.691
1149.38	94.8383
1150.38	91.9734
1151.38	91.1313
1152.38	89.1426
1153.38	87.3498
1154.38	85.0333
1155.38	83.9387
1156.38	80.5357
1157.37	78.1735
1158.37	76.6965
1159.37	74.5807
1160.37	72.5227
1161.37	71.098
1162.36	69.2778
1163.36	67.6978
1164.36	66.7184
1165.35	64.953
1166.35	64.0085
1167.35	63.2016
1168.34	63.4379
1169.34	62.2841
1170.33	61.6879
1171.33	61.36
1172.32	61.365
1173.32	60.7701
1174.31	60.1487
1175.3	60.2585
1176.3	60.084
1177.29	59.8171
1178.28	60.1789
1179.27	60.3214
1180.27	60.4966
1181.26	60.2376
1182.25	60.4953
1183.24	60.2574
1184.23	60.3269
1185.22	60.5811
1186.21	60.6047
1187.2	61.4234
1188.19	61.5542
1189.18	61.7446
1190.17	62.0712
1191.16	62.5655
1192.15	62.9211
1193.14	63.901
1194.12	63.1386
1195.11	63.974
1196.1	64.5134
1197.09	64.9512
1198.07	64.9118
1199.06	65.7119
1200.05	65.2623
1201.03	65.8396
1202.02	66.3975
1203	66.8719
1203.99	66.8037
1204.97	66.4626
1205.96	66.6983
1206.94	66.725
1207.93	66.7829
1208.91	66.564
1209.89	66.9019
1210.88	66.6727
1211.86	66.7603
1212.84	66.3996
1213.83	66.7795
1214.81	67.2256
1215.79	66.9776
1216.77	67.3785
1217.75	67.5162
1218.73	67.5352
1219.71	68.7574
1220.69	67.9267
1221.67	68.7051
1222.65	68.7545
1223.63	68.7279
1224.61	69.8065
1225.59	70.09
1226.57	70.063
1227.55	70.0601
1228.53	70.4263
1229.5	71.102
1230.48	71.6697
1231.46	71.1754
1232.44	70.9318
1233.41	71.5944
1234.39	72.4186
1235.36	72.2486
1236.34	72.2242
1237.32	73.0127
1238.29	73.3988
1238.94	73.8292
1239.95	73.4874
1240.97	73.8191
1241.98	74.2512
1242.99	75.3869
1244	74.9749
1245.01	76.0101
1246.02	76.8945
1247.04	77.5477
1248.05	78.01
1249.06	79.4272
1250.07	78.8241
1251.08	80.2613
1252.09	81.4674
1253.1	81.8995
1254.11	83.4774
1255.12	84.9347
1256.12	85.1759
1257.13	85.5076
1258.14	85.7789
1259.15	85.4774
1260.16	84.8241
1261.16	83.9598
1262.17	84.5729
1263.18	83.789
1264.19	83.9799
1265.19	82.9548
1266.2	82.7236
1267.21	82.1306
1268.21	83.1759
1269.22	81.9296
1270.22	82.0603
1271.23	81.1859
1272.23	81.2864
1273.24	79.8291
1274.24	79.8693
1275.24	78.5126
1276.25	77.7085
1277.25	77.2663
1278.26	76.3618
1279.26	76.3718
1280.26	76.3819
1281.26	75.7085
1282.27	75.5679
1283.27	76.2613
1284.27	75.0452
1285.27	75.0352
1286.27	74.3216
1287.27	73.7487
1288.27	74.593
1289.27	72.8543
1290.28	72.7236
1291.28	73.4171
1292.28	72.6432
1293.27	73.608
1294.27	72.3316
1295.27	73.789
1296.27	72.995
1297.27	73.1055
1298.27	72.7538
1299.27	73.5276
1300.26	73.9296
1301.26	73.5678
1302.26	74.4925
1303.26	74.3316
1304.25	75.0051
1305.25	76.6131
1306.25	76.603
1307.24	76.3518
1308.24	77.4774
1309.23	79.8292
1310.23	81.0854
1311.22	81.6985
1312.22	83.4774
1313.21	85.2664
1314.21	86.7236
1315.2	88.4523
1316.19	92.1407
1317.19	92.995
1318.18	94.9648
1319.17	97.7287
1320.17	98.2513
1321.16	100.211
1322.15	104.07
1323.14	104.884
1324.14	106.744
1325.13	107.176
1326.12	109.035
1327.11	109.307
1328.1	110.492
1329.09	111.377
1330.08	110.834
1331.07	109.879
1332.06	109.467
1333.05	110.392
1334.04	110.281
1335.03	109.005
1336.02	107.467
1337.01	108.492
1337.99	107.085
1338.98	106.623
1339.97	106.131
1340.96	105.407
1341.94	104.703
1342.93	104.975
1343.92	103.367
1344.91	103.317
1345.89	102.231
1346.88	102.503
1347.86	103.015
1348.85	103.417
1349.83	101.678
1350.82	101.859
1351.8	101.769
1352.79	100.693
1353.77	100.945
1354.76	101.327
1355.74	101.246
1356.72	100
1357.71	99.0955
1358.69	98.7739
1359.67	99.3668
1360.66	99.4271
1361.64	98.0905
1362.62	98.5025
1363.6	98.2412
1364.58	97.2764
1365.56	97.9397
1366.54	97.6382
1367.53	96.1909
1368.51	95.8493
1369.49	95.588
1370.47	93.6583
1371.45	92.7337
1372.43	93.3267
1373.41	91.8493
1374.38	91.3869
1375.36	89.407
1376.34	89.7889
1377.32	90.7839
1378.3	89.0754
1379.28	86.4623
1380.25	87.0452
1381.23	86.6231
1382.21	85.5477
1383.18	85.2764
1384.16	84.402
1385.14	83.2261
1386.11	82.7136
1387.09	83.0955
1388.06	82.6834
1389.04	81.3166
1390.02	80.8643
1390.99	81.0955
1391.96	80.3618
1392.94	80.0905
1393.91	79.8392
1394.89	79.8593
1395.86	79.9497
1396.83	79.6583
1397.81	79.3367
1398.78	78.5327
1399.75	79.3869
1400.72	77.799
1401.7	78.0302
1402.67	78.1407
1403.64	77.6784
1404.61	77.0251
1405.58	76.2613
1406.55	75.9799
1407.52	75.7789
1408.49	76.1508
1409.46	74.9447
1410.43	74.7136
1411.4	73.9799
1412.37	73.8995
1413.34	73.5075
1414.31	72.6532
1415.28	72.6533
1416.25	72.201
1417.22	70.7236
1418.18	71.397
1419.15	70.4825
1420.12	69.7186
1421.09	68.1407
1422.05	68.7236
1423.02	67.9096
1423.99	67.8995
1424.95	67.3367
1425.92	67.0352
1426.88	65.3065
1427.85	67.1658
1428.81	67.0754
1429.78	66.412
1430.74	66.2613
1431.71	65.7889
1432.67	66.3518
1433.64	66.9648
1434.6	66.5729
1435.56	66.4824
1436.53	66.8442
1437.49	67.6683
1438.45	68.1508
1439.41	68.2312
1440.38	70.2311
1441.34	70.8643
1442.3	71.6784
1443.26	72.4724
1444.22	72.1608
1445.18	74.0201
1446.14	75.4874
1447.1	76.804
1448.06	77.4472
1449.02	78.5829
1449.98	79.1457
1450.94	80.5829
1451.9	80.5628
1452.86	80.8744
1453.82	81.2161
1454.78	81.3367
1455.74	81.1156
1456.7	81.4372
1457.65	80.8141
1458.61	79.2965
1459.57	79.0352
1460.52	78.7739
1461.48	76.4824
1462.44	75.6382
1463.39	72.7035
1464.35	70.9548
1465.31	71.0452
1466.26	69.397
1467.22	67.7588
1468.17	64.8844
1469.13	64.2513
1470.08	63.6885
1471.04	61.4171
1471.99	61.8392
1472.94	60.01
1473.9	59.4271
1474.85	59.5678
1475.8	58.593
1476.76	56.9548
1477.71	56.412
1478.66	57.5176
1479.61	56.5628
1480.56	55.5779
1481.52	55.3266
1482.47	55.4171
1483.42	55.6985
1484.37	54.201
1485.32	55.0151
1486.27	54.9849
1487.22	53.9598
1488.17	54.0704
1489.12	53.1859
1490.07	53.7085
1491.02	52.8643
1491.97	53.6482
1492.92	53.3769
1493.86	54
1494.81	52.9045
1495.76	52.8442
1496.71	52.3116
1497.65	53.4271
1498.6	52.7136
1499.55	52.5126
1500.5	53.6482
1501.44	52.7136
1502.39	53.206
1503.33	53.5779
1504.28	53.1357
1505.22	52.402
1506.17	53.6583
1507.12	52.9648
1508.06	53.1256
1509	52.9447
1509.95	52.8342
1510.89	53.1457
1511.84	52.3719
1512.78	52.6332
1513.72	52.6834
1514.67	52.7236
1515.61	52.5829
1516.55	52.0603
1517.49	52.3819
1518.43	51.6683
1519.38	52.5025
1520.32	52.4724
1521.26	52.201
1522.2	52.5628
1523.14	52.9045
1524.08	51.6884
1525.02	51.99
1525.96	52.201
1526.9	52.6834
1527.84	52.3015
1528.78	52.1005
1529.72	51.9397
1530.66	52.1206
1531.6	51.7688
1532.53	51.9296
1533.47	51.8693
1534.41	52.0703
1535.35	52.7136
1536.29	51.9698
1537.22	51.7588
1538.16	52.0603
1539.1	52.2412
1540.03	51.7186
1540.97	51.6683
1541.9	51.2764
1542.84	52.0904
1543.78	52.191
1544.71	51.6683
1545.65	51.7387
1546.58	51.3568
1547.51	51.6181
1548.45	51.9698
1549.38	51.4874
1550.32	51.4774
1551.25	51.4171
1552.18	51.799
1553.12	51.5377
1554.05	50.9447
1554.98	51.8492
1555.91	51.5377
1556.85	51.1558
1557.78	51.5277
1558.71	51.6081
1559.64	51.3367
1560.57	51.1558
1561.5	51.1256
1562.43	51.3568
1563.36	50.9648
1564.29	50.9648
1565.22	51.1055
1566.15	51.5879
1567.08	50.8844
1568.01	50.9849
1568.94	51.3869
1569.87	51.5678
1570.8	51.2161
1571.72	50.3819
1572.65	50.7638
1573.58	50.5226
1574.51	50.8241
1575.43	50.9548
1576.36	50.3518
1577.29	50.8442
1578.21	50.8744
1579.14	51.0754
1580.06	50.6834
1580.99	51.1658
1581.91	51.0754
1582.84	50.6633
1583.76	50.2915
1584.69	50.2714
1585.61	50.4925
1586.54	50.5025
1587.46	51.598
1588.39	50.5126
1589.31	50.5427
1590.23	49.9498
1591.16	49.4673
1592.08	50.0502
1593	50.4221
1593.92	49.8895
1594.84	49.5276
1595.77	50.2211
1596.69	49.8995
1597.61	49.3869
1598.53	49.8191
1599.45	49.5478
1600.37	49.8091
1601.29	49.8392
1602.21	50.2513
1603.13	50.1608
1604.05	50
1604.97	49.6482
1605.89	49.6482
1606.81	49.7487
1607.73	50.2513
1608.64	49.5377
1609.56	50.1507
1610.48	49.9799
1611.4	49.2462
1612.32	50.201
1613.23	50.5729
1614.15	49.789
1615.07	49.4573
1615.98	49.8894
1616.9	49.7085
1617.82	50.3116
1618.73	49.4573
1619.65	50.191
1620.56	49.9497
1621.48	49.9397
1622.39	49.6884
1623.3	49.4975
1624.22	49.5478
1625.13	50.0804
1626.05	49.8392
1626.96	49.1859
1627.87	50.0301
1628.79	49.2663
1629.7	49.6784
1630.61	49.2764
1631.52	49.8794
1632.44	48.8543
1633.35	49.1357
1634.26	49.0854
1635.17	49.5578
1636.08	48.5729
1636.99	49.3669
1637.9	48.9347
1638.81	48.7337
1639.72	48.8141
1640.63	49.2161
1641.54	49.0251
1642.45	49.4774
1643.36	49.0553
1644.27	48.9146
1645.18	48.2814
1646.09	49.1357
1647	48.4422
1647.9	48.6834
1648.81	48.1508
1649.72	47.8593
1650.63	48.9246
1651.53	48.0904
1652.44	48.4121
1653.35	48.7437
1654.25	48.6231
1655.16	48.6834
1656.06	47.9096
1656.97	47.7688
1657.87	48.4523
1658.78	47.7387
1659.68	48.3015
1660.59	47.8895
1661.49	47.7387
1662.4	47.7287
1663.3	47.7889
1664.2	47.5276
1665.11	47.7688
1666.01	48.2714
1666.91	47.8291
1667.82	47.9096
1668.72	47.4171
1669.62	47.5075
1670.52	47.9296
1671.42	47.4975
1672.33	47.196
1673.23	47.5678
1674.13	47.588
1675.03	47.4573
1675.93	47.2261
1676.83	47.1658
1677.73	46.4523
1678.63	47.4271
1679.53	46.8141
1680.43	47.2261
1681.33	47.2362
1682.22	47.2362
1683.12	47.0653
1684.02	47.4171
1684.92	46.7437
1685.82	47.206
1686.71	46.9749
1687.61	46.4121
1688.51	47.0653
1689.41	46.7136
1690.3	46.8844
1691.2	46.7739
1692.1	45.9397
1692.99	46.392
1693.89	46.1709
1694.78	46.9045
1695.68	46.9749
1696.57	46.4724
1697.47	46.6131
1698.36	46.2211
1699.26	45.6181
1700.15	46.5025
1701.04	46.9849
1701.94	46.1709
1702.83	45.9196
1703.72	45.7487
1704.62	46.201
1705.51	46.5327
1706.4	45.9698
1707.29	45.8191
1708.18	45.7487
1709.08	46.2613
1709.97	46.3819
1710.86	45.9497
1711.75	45.6583
1712.64	46.4422
1713.53	45.1859
1714.42	45.6181
1715.31	45.8492
1716.2	45.4171
1717.09	45.4975
1717.98	46.1206
1718.87	45.9498
1719.76	45.1558
1720.64	46.0603
1721.53	45.1658
1722.42	45.6583
1723.31	45.7688
1724.19	45.8995
1725.08	45.8291
1725.97	45.3166
1726.86	45.6683
1727.74	45.2965
1728.63	45.5879
1729.52	44.8342
1730.4	45.4472
1731.29	45.1055
1732.17	45.7487
1733.06	45.2362
1733.94	45.0251
1734.83	45.2261
1735.71	45.2261
1736.59	45.0854
1737.48	44.7538
1738.36	45.5276
1739.25	45.3467
1740.13	44.3417
1741.01	44.6633
1741.89	44.402
1742.78	44.1507
1743.66	45.2563
1744.54	44.603
1745.42	43.9397
1746.3	44.6935
1747.19	44.4925
1748.07	45.407
1748.95	44.7739
1749.83	44.6834
1750.71	44.6231
1751.59	44.8241
1752.47	44.5025
1753.35	44.5427
1754.23	44.2211
1755.11	44.2211
1755.98	44.8844
1756.86	44.804
1757.74	44.3819
1758.62	44.6633
1759.5	44.6231
1760.38	43.9598
1761.25	44.5025
1762.13	44.4422
1763.01	44.5729
1763.88	44.4623
1764.76	44.0703
1765.64	44.3216
1766.51	44.794
1767.39	44.3517
1768.26	44.7035
1769.14	44.6935
1770.01	43.8694
1770.89	44.2915
1771.76	43.799
1772.64	43.4975
1773.51	43.7588
1774.39	43.2261
1775.26	43.5075
1776.13	43.5879
1777.01	44.5126
1777.88	43.799
1778.75	43.9196
1779.62	44.0704
1780.5	43.9498
1781.37	43.8292
1782.24	43.3266
1783.11	43.8493
1783.98	43.4473
1784.85	43.5276
1785.72	42.9648
1786.59	43.7186
1787.47	43.8291
1788.34	43.4874
1789.21	43.5678
1790.07	43.8392
1790.94	43.2362
1791.81	42.9146
1792.68	43.6985
1793.55	43.2161
1794.42	43.4874
1795.29	43.7186
1796.16	43.5879
1797.02	43.3266
1797.89	43.9196
1798.76	43.2161
1799.63	42.8744
1800.49	43.2563
1801.36	43.5075
1802.22	43.1457
1803.09	42.8744
1803.96	43.0352
1804.82	43.0653
1805.69	43.3467
1806.55	43.6382
1807.42	43.2764
1808.28	42.8643
1809.15	43.1558
1810.01	43.0151
1810.87	42.9749
1811.74	43.2764
1812.6	43.196
1813.46	42.9849
1814.33	42.6834
1815.19	42.0905
1816.05	43.0452
1816.92	42.8844
1817.78	42.5327
1818.64	43.407
1819.5	43.6884
1820.36	42.7839
1821.22	43.407
1822.08	42.4121
1822.94	43.0352
1823.8	42.5729
1824.66	42.8141
1825.52	42.6432
1826.38	42.2814
1827.24	42.804
1828.1	42.9146
1828.96	43.0553
1829.82	42.9146
1830.68	42.5729
1831.54	42.794
1832.4	42.402
1833.25	42.6131
1834.11	42.1005
1834.97	41.4874
1835.82	43.1859
1836.68	42.4422
1837.54	43.6683
1838.39	42.5126
1839.25	42.8141
1840.11	42.3015
1840.96	42.392
1841.82	42.8844
1842.67	41.6683
1843.53	42.5126
1844.38	42.3618
1845.24	42.4322
1846.09	42.2412
1846.95	42.9146
1847.8	42.6332
1848.65	42.5829
1849.51	42.8945
1850.36	42.7839
1851.21	41.8693
1852.06	42.4422
1852.92	42.4121
1853.77	42.3216
1854.62	42.3517
1855.47	42.2412
1856.32	42.3317
1857.17	42.7136
1858.03	42.5427
1858.88	42.6734
1859.73	42.4523
1860.58	41.9296
1861.43	43.0452
1862.28	41.99
1863.13	41.7789
1863.98	42.7136
1864.82	42.603
1865.67	42.1106
1866.52	42.9045
1867.37	42.0101
1868.22	41.4673
1869.07	42.593
1869.91	41.8995
1870.76	41.8995
1871.61	42.2312
1872.46	42.6332
1873.3	41.4975
1874.15	42.0804
1875	42.5427
1875.84	42.3417
1876.69	41.6181
1877.53	41.4171
1878.38	42.1708
1879.22	41.8492
1880.07	42.0302
1880.91	41.8291
1881.76	42.4523
1882.6	42.3417
1883.44	41.5879
1884.29	41.7085
1885.13	42.0503
1885.97	41.7689
1886.82	42.0101
1887.66	41.7085
1888.5	42.1307
1889.35	41.6081
1890.19	42.0301
1891.03	41.5176
1891.87	41.8191
1892.71	41.3266
1893.55	41.608
1894.39	41.8895
1895.23	41.7789
1896.08	41.8593
1896.92	41.6784
1897.76	42.8945
1898.59	41.6382
1899.43	41.6884
1900.27	41.6181
1901.11	41.8995
1901.95	41.1658
1902.79	40.9246
1903.63	41.1457
1904.47	41.196
1905.3	41.0352
1906.14	41.8995
1906.98	41.2462
1907.82	41.6282
1908.65	42.3819
1909.49	40.7638
1910.33	41.3869
1911.16	41.9899
1912	41.005
1912.83	41.4874
1913.67	41.1658
1914.5	41.5678
1915.34	41.3065
1916.17	41.5377
1917.01	41.2663
1917.84	40.995
1918.68	41.4171
1919.51	40.8543
1920.34	41.5477
1921.18	40.9648
1922.01	40.9246
1922.84	41.9799
1923.68	41.6784
1924.51	41.6382
1925.34	41.6683
1926.17	41.2864
1927.01	40.9849
1927.84	40.7136
1928.67	41.2663
1929.5	41.0151
1930.33	41.0955
1931.16	41.0251
1931.99	40.5226
1932.82	41.2965
1933.65	41.6382
1934.48	40.794
1935.31	40.9849
1936.14	40.6834
1936.97	40.4925
1937.8	41.3568
1938.63	41.5678
1939.45	40.804
1940.28	40.9849
1941.11	41.3769
1941.94	41.4372
1942.76	41.5779
1943.59	41.2965
1944.42	40.8643
1945.25	41.3065
1946.07	41.1457
1946.9	41.5276
1947.72	40.5427
1948.55	41.2563
1949.37	40.804
1950.2	41.6985
1951.02	41.005
1951.85	40.7538
1952.67	39.9598
1953.5	40.7739
1954.32	40.8141
1955.15	41.2864
1955.97	41.005
1956.79	41.005
1957.62	41.0854
1958.44	40.6432
1959.26	40.0905
1960.08	40.5628
1960.91	40.3719
1961.73	41.2563
1962.55	41.005
1963.37	41.4673
1964.19	40.7035
1965.01	40.9849
1965.84	40.8643
1966.66	40.2111
1967.48	40.5528
1968.3	40.1005
1969.12	40.603
1969.94	41.1558
1970.76	40.603
1971.57	40.8643
1972.39	40.6994
1973.21	40.0878
1974.03	40.5626
1974.85	40.5038
1975.67	40.3511
1976.49	40.676
1977.3	40.6051
1978.12	40.0781
1978.94	40.5256
1979.75	40.4138
1980.57	39.9932
1981.39	40.4699
1982.2	39.4735
1983.02	39.9084
1983.84	40.214
1984.65	40.0418
1985.47	39.8604
1986.28	39.9933
1987.1	39.8148
1987.91	40.2332
1988.73	40.1212
1989.54	39.7423
1990.35	39.4873
1991.17	40.3079
1991.98	39.595
1992.79	40.1253
1993.61	40.0265
1994.42	39.4128
1995.23	39.3842
1996.04	39.6467
1996.86	39.4542
1997.67	39.6434
1998.48	39.9005
1999.29	39.506
2000.1	39.4976
2000.91	39.0575
2001.72	39.557
2002.53	39.6756
2003.34	39.563
2004.15	38.8109
2004.96	39.1036
2005.77	39.729
2006.58	39.0886
2007.39	39.1075
2008.2	39.1236
2009.01	38.7356
2009.82	39.4463
2010.63	39.0988
2011.43	39.2341
2012.24	38.6929
2013.05	39.0621
2013.86	38.7133
2014.66	38.9297
2015.47	38.6638
2016.28	38.6364
2017.08	38.3874
2017.89	38.7475
2018.7	38.8524
2019.5	38.8196
2020.31	38.793
2021.11	38.5028
2021.92	38.8497
2022.72	38.9221
2023.53	38.5796
2024.33	38.6621
2025.13	38.6101
2025.94	38.4665
2026.74	38.686
2027.54	38.5637
2028.35	38.1754
2029.15	38.0973
2029.95	38.4198
2030.76	38.5043
2031.56	38.2713
2032.36	38.3856
2033.16	38.388
2033.96	38.0881
2034.76	38.0706
2035.57	38.0405
2036.37	38.0123
2037.17	38.0946
2037.97	38.2266
2038.77	38.0504
2039.57	37.8196
2040.37	38.1031
2041.17	37.8806
2041.96	37.6636
2042.76	38.3784
2043.56	37.9998
2044.36	38.036
2045.16	37.7114
2045.96	38.1559
2046.76	37.9546
2047.55	37.8322
2048.35	37.2911
2049.15	37.6227
2049.94	37.3845
2050.74	37.523
2051.54	37.4731
2052.33	37.6759
2053.13	37.7599
2053.93	37.5441
2054.72	37.1642
2055.52	37.3604
2056.31	37.7794
2057.11	37.4409
2057.66	37.5879
2058.5	37.5075
2059.33	37.2563
2060.16	37.6784
2060.99	37.8392
2061.82	37.4271
2062.65	37.0251
2063.49	37.407
2064.32	37.0251
2065.15	37.2965
2065.98	37.6583
2066.81	37.3467
2067.64	37.5276
2068.47	37.5779
2069.3	37.3467
2070.13	36.7839
2070.96	37.2261
2071.79	37.2764
2072.61	37.4975
2073.44	37.5176
2074.27	37.0955
2075.1	37.2261
2075.93	37.397
2076.76	37.3568
2077.58	36.9749
2078.41	36.8945
2079.24	37.5075
2080.07	37.3467
2080.89	36.6734
2081.72	37.005
2082.55	37.0151
2083.37	37.5276
2084.2	36.6432
2085.03	37.206
2085.85	37.1156
2086.68	37.5176
2087.5	37.1055
2088.33	36.9045
2089.15	36.804
2089.98	37.397
2090.8	36.9849
2091.63	36.9246
2092.45	37.0955
2093.27	36.9447
2094.1	36.7739
2094.92	36.7538
2095.74	37.2764
2096.57	36.6834
2097.39	36.8844
2098.21	37.5075
2099.04	36.7437
2099.86	36.8442
2100.68	37.1357
2101.5	37.2362
2102.32	37.0653
2103.15	36.7739
2103.97	36.5729
2104.79	37.3668
2105.61	36.8844
2106.43	36.6231
2107.25	36.6332
2108.07	36.9749
2108.89	37.0251
2109.71	36.8442
2110.53	36.794
2111.35	37.7086
2112.17	37.3769
2112.99	37.2864
2113.81	37.1457
2114.63	37.3266
2115.44	37.2362
2116.26	36.593
2117.08	37.8392
2117.9	36.5829
2118.72	36.9246
2119.53	37.1457
2120.35	37.1256
2121.17	36.6533
2121.99	37.1055
2122.8	36.5126
2123.62	36.4824
2124.44	37.1859
2125.25	37.1156
2126.07	36.804
2126.88	36.4522
2127.7	36.9849
2128.51	36.8141
2129.33	37.6281
2130.14	37.1055
2130.96	36.7638
2131.77	36.9447
2132.59	36.8442
2133.4	37.1558
2134.22	37.397
2135.03	36.8844
2135.84	37.4271
2136.66	36.9246
2137.47	37.4874
2138.28	37.0653
2139.1	36.804
2139.91	36.6734
2140.72	37.4874
2141.53	37.7286
2142.34	37.3467
2143.16	37.0955
2143.97	37.3266
2144.78	36.2714
2145.59	36.9447
2146.4	36.9648
2147.21	37.1256
2148.02	37.3266
2148.83	36.8945
2149.64	37.0854
2150.45	36.3015
2151.26	36.9447
2152.07	36.804
2152.88	37.196
2153.69	37.0553
2154.5	37.1558
2155.31	37.4573
2156.12	36.7236
2156.93	37.0553
2157.73	37.4171
2158.54	36.6533
2159.35	36.6231
2160.16	37.0452
2160.96	37.1055
2161.77	36.7337
2162.58	37.1859
2163.39	36.8442
2164.19	36.7136
2165	36.8844
2165.8	36.8241
2166.61	36.8945
2167.42	37.2764
2168.22	36.392
2169.03	36.5226
2169.83	36.7337
2170.64	37.0352
2171.44	36.5729
2172.25	37.4473
2173.05	36.8945
2173.86	36.4422
2174.66	37.0553
2175.46	37.0452
2176.27	36.9749
2177.07	37.206
2177.87	37.6583
2178.68	37.0452
2179.48	36.6533
2180.28	36.5729
2181.08	36.8342
2181.89	37.0854
2182.69	36.7739
2183.49	37.1759
2184.29	37.2161
2185.09	36.5729
2185.89	37.1156
2186.7	36.8844
2187.5	37.1859
2188.3	37.2362
2189.1	37.5779
2189.9	37.3166
2190.7	36.2713
2191.5	37.4271
2192.3	36.7337
2193.1	36.8241
2193.9	37.5879
2194.7	36.6935
2195.49	36.9246
2196.29	36.9347
2197.09	37.0452
2197.89	36.7236
2198.69	36.9548
2199.48	37.407
2200.28	37.0653
2201.08	37.2161
2201.88	36.6935
2202.67	36.593
2203.47	37.0553
2204.27	36.2312
2205.06	36.9447
2205.86	36.8543
2206.66	36.8543
2207.45	36.9749
2208.25	36.4121
2209.04	36.4824
2209.84	37.206
2210.63	36.7236
2211.43	37.1859
2212.22	36.6834
2213.02	36.8543
2213.81	37.196
2214.61	37.3065
2215.4	36.6332
2216.19	36.1508
2216.99	37.5879
2217.78	37.3467
2218.57	36.9447
2219.37	36.603
2220.16	37.1457
2220.95	37.0854
2221.74	36.8241
2222.54	37.4573
2223.33	36.3116
2224.12	35.4372
2224.91	37.4774
2225.7	37.3869
2226.49	35.7085
2227.28	35.5477
2228.07	36.995
2228.86	36.804
2229.66	36.7135
2230.45	37.0352
2231.24	36.4121
2232.03	36.3015
2232.82	36.8945
2233.6	37.0854
2234.39	36.2412
2235.18	36.3216
2235.97	35.608
2236.76	37.2864
2237.55	36.2613
2238.34	36.5126
2239.12	36.8844
2239.91	37.4171
2240.7	36.7437
2241.49	37.397
2242.27	36.4422
2243.06	36.4925
2243.85	37.0553
2244.63	37.1658
2245.42	37.0251
2246.21	35.8191
2246.99	36.402
2247.78	36.5226
2248.56	36.9548
2249.35	35.9497
2250.13	36.0704
2250.92	37.1156
2251.7	37.2161
2252.49	36.603
2253.27	36.5226
2254.06	37.4673
2254.84	36.5829
2255.62	36.8241
2256.41	36.8844
2257.19	36.6935
2257.97	36.6432
2258.76	37.2965
2259.54	36.7337
2260.32	36.2513
2261.1	37.0754
2261.89	36.3518
2262.67	37.1759
2263.45	37.5477
2264.23	36.5226
2265.01	36.3317
2265.8	36.9146
2266.58	37.3668
2267.36	36.8141
2268.14	36.8141
2268.92	36.3718
2269.7	36.2512
2270.48	37.1558
2271.26	36.2915
2272.04	36.1809
2272.82	36.6834
2273.6	36.5527
2274.38	36.5427
2275.15	36.6332
2275.93	36.6532
2276.71	37.0653
2277.49	37.1759
2278.27	37.1256
2279.05	36.3015
2279.82	37.0352
2280.6	37.0754
2281.38	36.804
2282.16	37.3367
2282.93	36.9849
2283.71	37.0151
2284.48	36.1809
2285.26	37.3367
2286.04	36.0201
2286.81	37.1256
2287.59	36.593
2288.36	36.3718
2289.14	36.3719
2289.91	36.1206
2290.69	36.794
2291.46	36.804
2292.24	36.9347
2293.01	36.2613
2293.79	37.1859
2294.56	37.2864
2295.33	36.6935
2296.11	36.6231
2296.88	36.0201
2297.65	36.0704
2298.43	37.1859
2299.2	36.7236
2299.97	36.9347
2300.75	36.7136
2301.52	37.1558
2302.29	36.7839
2303.06	36.2814
2303.83	36.7638
2304.6	37.0553
2305.37	37.1558
2306.15	37.0352
2306.92	36.6834
2307.69	37.1055
2308.46	36.8744
2309.23	36.3919
2310	37.4673
2310.77	36.0302
2311.54	36.9749
2312.31	36.2513
2313.08	37.1357
2313.84	35.9095
2314.61	36.2513
2315.38	37.407
2316.15	37.4874
2316.92	36.8342
2317.69	36.2312
2318.45	36.6633
2319.22	36.9648
2319.99	37.3166
2320.76	36.7739
2321.52	37.1759
2322.29	37.7186
2323.06	37.3568
2323.82	37.2161
2324.59	36.9447
2325.36	36.5729
2326.12	37.0251
2326.89	37.2462
2327.65	36.7538
2328.42	36.4221
2329.18	37.0251
2329.95	36.8744
2330.71	37.1457
2331.48	36.7739
2332.24	36.9246
2333	36.804
2333.77	36.8643
2334.53	36.5528
2335.3	36.5226
2336.06	36.9447
2336.82	37.2462
2337.59	37.3568
2338.35	37.4472
2339.11	36.1105
2339.87	37.1156
2340.63	37.3166
2341.4	36.6131
2342.16	36.3719
2342.92	36.3819
2343.68	36.8442
2344.44	37.0754
2345.2	37.0955
2345.96	36.8945
2346.72	37.1156
2347.48	37.196
2348.25	36.6834
2349.01	36.804
2349.76	37.1558
2350.52	36.8744
2351.28	36.8141
2352.04	36.9849
2352.8	36.5528
2353.56	37.0754
2354.32	36.9246
2355.08	37.1558
2355.84	36.8844
2356.59	37.0251
2357.35	37.0553
2358.11	36.8342
2358.87	36.8342
2359.62	36.9246
2360.38	36.9447
2361.14	37.0854
2361.89	37.0955
2362.65	37.1759
2363.41	36.7136
2364.16	37.0251
2364.92	36.7839
2365.67	37.1658
2366.43	36.6131
2367.18	36.3618
2367.94	37.3467
2368.69	37.2764
2369.45	36.5427
2370.2	37.1055
2370.96	36.8744
2371.71	36.8744
2372.47	36.5528
2373.22	37.4673
2373.97	36.6834
2374.73	37.0352
2375.48	37.3367
2376.23	37.4975
2376.99	36.7839
2377.74	37.2462
2378.49	36.995
2379.24	36.8141
2379.99	36.8643
2380.75	36.7136
2381.5	37.5879
2382.25	37.3669
2383	37.1256
2383.75	37.4472
2384.5	37.1759
2385.25	37.4874
2386	36.9347
2386.75	36.6131
2387.5	36.6834
2388.25	36.191
2389	37.2161
2389.75	37.1156
2390.5	37.0452
2391.25	37.8392
2392	37.196
2392.75	36.8643
2393.49	37.1558
2394.24	36.8643
2394.99	36.7136
2395.74	37.6683
2396.49	37.7689
2397.23	37.0452
2397.98	37.3166
2398.73	37.4472
2399.48	37.2261
2400.22	37.2161
2400.97	37.4171
2401.71	37.1859
2402.46	37.3769
2403.21	37.0151
2403.95	37.1759
2404.7	37.2663
2405.44	37.4673
2406.19	36.9045
2406.93	37.0553
2407.68	36.8141
2408.42	37.0452
2409.17	37.2061
2409.91	36.8844
2410.65	37.2864
2411.4	37.1457
2412.14	37.0352
2412.89	37.0553
2413.63	37.4975
2414.37	37.4975
2415.11	37.5276
2415.86	37.1658
2416.6	37.2563
2417.34	37.2663
2418.08	36.4422
2418.82	37.2161
2419.57	37.2362
2420.31	38.0101
2421.05	37.3869
2421.79	37.1256
2422.53	37.7085
2423.27	36.7739
2424.01	36.6131
2424.75	37.206
2425.49	37.5176
2426.23	37.6985
2426.97	37.6985
2427.71	36.9246
2428.45	37.3065
2429.19	37.4171
2429.93	37.5276
2430.67	37.588
2431.41	37.1357
2432.14	37.397
2432.88	36.9447
2433.62	37.6181
2434.36	37.1558
2435.09	37.6583
2435.83	37.3065
2436.57	37.5276
2437.31	37.5176
2438.04	37.0955
2438.78	37.0352
2439.52	37.0955
2440.25	37.4573
2440.99	37.0251
2441.72	37.4472
2442.46	37.2563
2443.19	37.3065
2443.93	37.3065
2444.66	37.3769
2445.4	36.9447
2446.13	37.0251
2446.87	37.2764
2447.6	36.6734
2448.34	37.5075
2449.07	37.0553
2449.8	37.3065
2450.54	37.2663
2451.27	37.0151
2452	37.2462
2452.74	36.9648
2453.47	37.1658
2454.2	37.4271
2454.93	36.8241
2455.67	37.206
2456.4	36.9246
2457.13	36.7638
2457.86	37.0553
2458.59	38.3015
2459.32	36.6834
2460.05	37.2965
2460.78	36.9749
2461.51	36.7739
2462.24	37.1859
2462.97	38.0703
2463.7	37.8693
2464.43	37.2161
2465.16	37.2462
2465.89	37.6884
2466.62	36.7136
2467.35	37.1156
2468.08	36.8945
2468.81	37.4774
2469.54	36.9246
2470.27	37.3367
2470.99	37.3769
2471.72	37.0151
2472.45	37.2261
2473.18	37.0754
2473.9	37.2663
2474.63	37.5678
2475.36	37.6181
2476.08	36.9246
2476.81	37.0352
2477.54	37.2864
2478.26	37.3166
2478.99	37.2764
2479.71	37.7286
2480.44	37.1759
2481.16	37.0553
2481.89	36.2915
2482.61	37.407
2483.34	37.2462
2484.06	37.2261
2484.79	37.4774
2485.51	37.1759
2486.24	37.6583
2486.96	37.206
2487.68	36.7437
2488.41	36.7739
2489.13	37.3869
2489.85	36.6633
2490.58	37.0955
2491.3	37.3869
2492.02	37.0854
2492.74	37.0754
2493.46	37.7688
2494.19	37.4975
2494.91	36.5327
2495.63	37.2563
2496.35	37.1859
2497.07	37.3367
2497.79	36.8744
2498.51	37.0151
2499.23	37.0553
2499.95	37.4171
2500.67	37.0553
2501.39	37.3668
2502.11	37.3568
2502.83	37.3266
2503.55	36.804
2504.27	37.5779
2504.99	36.6935
2505.71	37.2261
2506.43	37.3467
2507.15	37.196
2507.86	37.4171
2508.58	37.598
2509.3	37.4774
2510.02	36.6633
2510.73	37.6482
2511.45	37.3668
2512.17	36.8643
2512.89	36.9849
2513.6	37.1759
2514.32	37.3467
2515.03	38.1608
2515.75	37.5377
2516.47	36.603
2517.18	37.598
2517.9	36.8945
2518.61	36.5728
2519.33	37.4874
2520.04	37.1759
2520.76	37.2663
2521.47	36.8141
2522.19	36.8744
2522.9	37.2462
2523.61	37.5678
2524.33	37.1055
2525.04	36.8342
2525.75	37.4171
2526.47	36.8442
2527.18	37.7487
2527.89	36.5628
2528.61	36.9849
2529.32	37.6382
2530.03	37.2161
2530.74	37.2061
2531.45	37.1658
2532.16	37.3065
2532.88	36.603
2533.59	37.407
2534.3	36.3417
2535.01	37.4472
2535.72	37.0452
2536.43	37.1759
2537.14	37.5678
2537.85	36.8442
2538.56	37.3869
2539.27	37.005
2539.98	36.7839
2540.69	37.3769
2541.4	37.8392
2542.11	37.2462
2542.82	37.2462
2543.52	36.4523
2544.23	36.9447
2544.94	37.1558
2545.65	36.9146
2546.36	36.8945
2547.06	36.7437
2547.77	37.206
2548.48	37.4874
2549.18	36.5327
2549.89	36.9849
2550.6	37.1759
2551.3	37.8191
2552.01	37.0653
2552.72	36.9849
2553.42	37.0251
2554.13	36.6734
2554.83	37.1055
2555.54	37.5678
2556.24	37.3367
2556.95	37.005
2557.65	36.7236
2558.36	37.5477
2559.06	37.397
2559.77	36.5829
2560.47	37.4472
2561.17	37.0754
2561.88	37.2965
2562.58	36.6131
2563.28	37.809
2563.99	36.9548
2564.69	36.8543
2565.39	37.1759
2566.09	36.5327
2566.8	37.397
2567.5	37.005
2568.2	36.8844
2568.9	37.3166
2569.6	36.7839
2570.3	37.6784
2571.01	37.598
2571.71	37.1859
2572.41	37.1658
2573.11	37.3367
2573.81	37.5879
2574.51	37.1658
2575.21	37.5075
2575.91	37.2965
2576.61	36.4121
2577.31	37.407
2578.01	36.5025
2578.7	37.3266
2579.4	37.1357
2580.1	37.1357
2580.8	36.8643
2581.5	37.4573
2582.2	36.6533
2582.89	37.4573
2583.59	36.9849
2584.29	37.6281
2584.99	36.6834
2585.68	36.7538
2586.38	37.2663
2587.08	36.9548
2587.77	36.6332
2588.47	37.0452
2589.16	36.8342
2589.86	36.9045
2590.56	36.7336
2591.25	36.9045
2591.95	37.2663
2592.64	36.9347
2593.34	37.206
2594.03	37.4372
2594.73	37.9095
2595.42	37.4673
2596.11	36.9548
2596.81	37.1055
2597.5	37.0251
2598.2	37.4673
2598.89	36.7638
2599.58	37.7488
2600.27	37.4673
2600.97	36.7437
2601.66	37.2462
2602.35	36.8744
2603.05	36.804
2603.74	37.1357
2604.43	37.3869
2605.12	37.3668
2605.81	36.9146
2606.5	36.7135
2607.19	37.2362
2607.89	37.1558
2608.58	36.995
2609.27	36.8543
2609.96	36.8543
2610.65	36.6633
2611.34	37.4372
2612.03	37.5477
2612.72	37.206
2613.41	36.6432
2614.09	37.2663
2614.78	37.3568
2615.47	36.9347
2616.16	36.9849
2616.85	37.0854
2617.54	37.4774
2618.23	37.4271
2618.91	37.3065
2619.6	37.196
2620.29	37.0252
2620.98	37.3065
2621.66	36.9246
2622.35	37.2261
2623.04	37.0452
2623.72	37.2462
2624.41	37.4774
2625.09	37.4673
2625.78	37.5879
2626.47	37.799
2627.15	36.8442
2627.84	37.2864
2628.52	37.4271
2629.21	36.8744
2629.89	37.0352
2630.58	37.4071
2631.26	37.7688
2631.95	37.5075
2632.63	37.3467
2633.31	37.9095
2634	37.5779
2634.68	37.6884
2635.36	37.1457
2636.05	37.5879
2636.73	37.5377
2637.41	37.4573
2638.09	37.5176
2638.78	37.4271
2639.46	37.8492
2640.14	37.3568
2640.82	37.8291
2641.51	37.196
2642.19	37.8492
2642.87	37.2261
2643.55	37.608
2644.23	37.5075
2644.91	38.1608
2645.59	37.7286
2646.27	38.1407
2646.95	37.7487
2647.63	37.99
2648.31	37.9699
2648.99	37.4071
2649.67	37.5578
2650.35	37.6583
2651.03	38.1508
2651.71	37.0452
2652.38	37.5779
2653.06	37.7286
2653.74	38.1608
2654.42	37.809
2655.1	37.7487
2655.77	37.5276
2656.45	37.397
2657.13	37.4975
2657.81	37.4171
2658.48	38.0804
2659.16	36.7437
2659.84	37.6683
2660.51	38
2661.19	37.1457
2661.86	37.8895
2662.54	37.878
2663.21	37.3204
2663.89	37.4232
2664.56	37.6026
2665.24	37.3284
2665.91	37.9881
2666.59	37.6652
2667.26	37.3792
2667.94	37.4896
2668.61	37.8316
2669.29	36.7519
2669.96	37.4555
2670.63	37.68
2671.31	37.3516
2671.98	37.6052
2672.65	37.1952
2673.32	37.234
2674	37.3588
2674.67	36.9179
2675.34	37.6159
2676.01	36.7767
2676.68	37.2445
2677.36	37.529
2678.03	37.0526
2678.7	37.4413
2679.37	36.9597
2680.04	36.9814
2680.71	37.1861
2681.38	37.3518
2682.05	37.5576
2682.72	36.8321
2683.39	36.7261
2684.06	36.8508
2684.73	37.1937
2685.4	37.1349
2686.07	36.6387
2686.74	37.2936
2687.41	37.1493
2688.07	36.6067
2688.74	36.796
2689.41	36.9114
2690.08	36.8471
2690.75	37.2073
2691.41	36.9979
2692.08	36.676
2692.75	36.9862
2693.42	36.8923
2694.08	36.3517
2694.75	36.9459
2695.42	36.5704
2696.08	36.5663
2696.75	36.7869
2697.41	36.9766
2698.08	36.5115
2698.74	36.6724
2699.41	36.7379
2700.08	36.5312
2700.74	36.8131
2701.4	36.7456
2702.07	36.4703
2702.73	36.5555
2703.4	36.7642
2704.06	36.7126
2704.73	36.406
2705.39	36.5335
2706.05	36.2523
2706.72	36.6962
2707.38	36.6424
2708.04	36.7591
2708.71	36.5639
2709.37	36.4206
2710.03	36.345
2710.69	36.3849
2711.35	36.2745
2712.01	36.3036
2712.68	36.2182
2713.34	36.4813
2714	36.4549
2714.66	36.2267
2715.32	36.533
2715.98	36.5384
2716.64	36.561
2717.3	36.6565
2717.96	36.3889
2718.62	36.3889
2719.28	36.4183
2719.94	36.3632
2720.6	36.2157
2721.26	36.0305
2721.92	36.453
2722.58	36.2408
2723.24	35.8177
2723.89	36.247
2724.55	36.1866
2725.21	36.2291
2725.87	36.0894
2726.53	36.0253
2727.18	36.1041
2727.84	36.2668
2728.5	36.3699
2729.15	36.2277
2729.81	36.0276
2730.47	35.9326
2731.12	35.7524
2731.78	36.1081
2732.43	35.9022
2733.08	36.0603
2733.77	35.6985
2734.46	36.2211
2735.16	35.9598
2735.85	36.1206
2736.54	35.799
2737.23	35.7588
2737.93	35.9196
2738.62	36.0402
2739.31	35.9598
2740	36.01
2740.69	36.5226
2741.38	35.4774
2742.07	35.799
2742.77	35.7286
2743.46	35.6784
2744.15	35.9196
2744.84	36.0804
2745.53	35.3568
2746.22	35.9296
2746.91	35.8392
2747.6	36.0201
2748.29	35.8191
2748.98	36.0201
2749.67	35.8895
2750.36	35.7688
2751.04	35.7688
2751.73	36.1608
2752.42	36.0402
2753.11	35.5779
2753.8	36.7337
2754.49	35.4573
2755.17	35.9698
2755.86	35.7688
2756.55	35.3568
2757.24	35.8191
2757.92	35.5478
2758.61	36.1708
2759.3	36.1307
2759.99	35.6884
2760.67	36.1105
2761.36	36.3417
2762.04	35.99
2762.73	35.9497
2763.42	35.7588
2764.1	35.8191
2764.79	36.5125
2765.47	36.4623
2766.16	35.5779
2766.84	35.8794
2767.53	36.4623
2768.21	36.1809
2768.9	36.6533
2769.58	35.8593
2770.27	36.1709
2770.95	35.6985
2771.64	36.0704
2772.32	36.5427
2773	35.809
2773.69	36.0603
2774.37	35.3568
2775.05	36.0201
2775.74	36.1708
2776.42	36.1809
2777.1	36.2613
2777.78	36.1005
2778.47	36.3316
2779.15	35.2864
2779.83	35.2462
2780.51	36.0704
2781.2	36.3417
2781.88	35.5779
2782.56	35.7286
2783.24	36.4623
2783.92	35.7487
2784.6	36.3116
2785.28	35.9397
2785.96	35.6884
2786.64	36.0402
2787.32	36.2512
2788	36.0804
2788.68	35.6884
2789.36	36.3015
2790.04	36.3216
2790.72	36.3417
2791.4	36.7236
2792.08	36.0503
2792.76	35.6683
2793.44	36.5528
2794.12	35.598
2794.8	36.5628
2795.47	36.4422
2796.15	36.6231
2796.83	36.593
2797.51	36.3518
2798.19	36.7638
2798.86	35.7889
2799.54	36.2111
2800.22	36.2714
2800.89	36.402
2801.57	36.613
2802.25	36.804
2802.92	36.4623
2803.6	35.8995
2804.28	36.3819
2804.95	36.0101
2805.63	36.6834
2806.3	36.3317
2806.98	36.2915
2807.66	36.392
2808.33	36.5226
2809.01	36.4723
2809.68	36.7236
2810.35	36.4422
2811.03	36.8141
2811.7	36.593
2812.38	35.608
2813.05	36.7236
2813.73	36.4322
2814.4	36.1708
2815.07	36.3819
2815.75	36.0804
2816.42	36.6131
2817.09	36.3919
2817.77	36.392
2818.44	35.99
2819.11	35.7387
2819.78	35.7789
2820.46	36.593
2821.13	36.5025
2821.8	36.6332
2822.47	36.5829
2823.14	36.6935
2823.81	36.5728
2824.49	36.1407
2825.16	36.5528
2825.83	36.2915
2826.5	36.0603
2827.17	36
2827.84	36.1407
2828.51	37.3367
2829.18	37.0754
2829.85	36.5126
2830.52	36.6633
2831.19	36.794
2831.86	36.3517
2832.53	36.1508
2833.2	36.7739
2833.87	36.2312
2834.53	36.6432
2835.2	36.9246
2835.87	37.0553
2836.54	36.4121
2837.21	36.0804
2837.88	36.8945
2838.54	37.1156
2839.21	36.7236
2839.88	36.8241
2840.55	36.4221
2841.21	36.402
2841.88	37.0553
2842.55	36.9246
2843.21	36.9246
2843.88	36.3317
2844.55	36.9347
2845.21	36.995
2845.88	36.8241
2846.54	37.0251
2847.21	37.1658
2847.88	36.8844
2848.54	36.8945
2849.21	37.4573
2849.87	37.2261
2850.54	37.5477
2851.2	37.4271
2851.87	37.8191
2852.53	37.0653
2853.19	37.2965
2853.86	38.1206
2854.52	38
2855.19	37.9899
2855.85	38.4824
2856.51	38.4724
2857.18	37.8392
2857.84	38.7035
2858.5	39.2965
2859.17	39.0452
2859.83	39.7889
2860.49	39.1759
2861.15	38.4121
2861.81	38.7337
2862.48	38.211
2863.14	39.2764
2863.8	39.3769
2864.46	39.2261
2865.12	39.0854
2865.78	40.6231
2866.44	40.8442
2867.11	40.0301
2867.77	40.2211
2868.43	40.8141
2869.09	40.5628
2869.75	40.2111
2870.41	39.6683
2871.07	39.2663
2871.73	40.4925
2872.39	40.9146
2873.04	40.2613
2873.7	39.6282
2874.36	40.392
2875.02	41.2864
2875.68	40.9648
2876.34	40.8442
2877	40.9347
2877.66	40.5126
2878.31	41.1759
2878.97	41.1658
2879.63	41.0653
2880.29	41.3065
2880.94	40.0302
2881.6	41.9899
2882.26	41.3869
2882.91	41.3769
2883.57	41.9297
2884.23	41.4271
2884.88	42.0904
2885.54	41.7588
2886.2	41.6784
2886.85	40.8442
2887.51	41.6181
2888.16	42.3317
2888.82	41.1156
2889.47	40.7839
2890.13	41.2663
2890.78	41.0955
2891.44	41.1457
2892.09	41.1658
2892.75	41.2663
2893.4	41.608
2894.06	42.0402
2894.71	41.6382
2895.36	40.8141
2896.02	41.2864
2896.67	41.5075
2897.32	41.6081
2897.98	41.6382
2898.63	40.804
2899.28	41.1759
2899.94	42.0904
2900.59	41.1055
2901.24	41.1859
2901.89	41.1357
2902.54	40.8141
2903.2	41.5176
2903.85	41.8493
2904.5	41.5478
2905.15	40.5326
2905.8	40.9045
2906.45	41.2362
2907.1	40.593
2907.75	41.1256
2908.41	39.8493
2909.06	40.2915
2909.71	41.0352
2910.36	40.6633
2911.01	39.6583
2911.65	40.4522
2912.3	40.8442
2912.95	40.2412
2913.6	40.794
2914.25	39.9598
2914.9	40.6834
2915.55	41.0553
2916.2	40.7337
2916.85	40.1005
2917.49	40.6332
2918.14	40.3719
2918.79	40.8945
2919.44	40.4824
2920.09	41.2965
2920.73	40.7638
2921.38	41.1558
2922.03	41.2362
2922.67	39.6482
2923.32	40.7638
2923.97	40.0301
2924.61	40.3518
2925.26	40.392
2925.91	39.9196
2926.55	39.5578
2927.2	40.3417
2927.84	40.1206
2928.49	39.9296
2929.13	39.9196
2929.78	39.4673
2930.42	40.2111
2931.07	40.1106
2931.71	39.4875
2932.36	40.0804
2933	40.4221
2933.65	40.3618
2934.29	40.1306
2934.93	40.0301
2935.58	39.8492
2936.22	40.1709
2936.86	40.4623
2937.51	39.4372
2938.15	39.0955
2938.79	40.0301
2939.44	40.5427
2940.08	39.8392
2940.72	39.3568
2941.36	39.7186
2942.01	38.7035
2942.65	39.2362
2943.29	38.5829
2943.93	38.201
2944.57	39.206
2945.21	38.6131
2945.85	38.4523
2946.5	38.2211
2947.14	38.804
2947.78	38.7136
2948.42	38.7236
2949.06	37.9598
2949.7	38.0201
2950.34	38.191
2950.98	38.5729
2951.62	38.5628
2952.26	38.6533
2952.9	37.9799
2953.53	38.0101
2954.17	38.2513
2954.81	38.5427
2955.45	37.789
2956.09	38.3819
2956.73	37.2764
2957.37	38.0905
2958	37.9699
2958.64	37.5075
2959.28	37.4472
2959.92	38.1608
2960.55	37.3467
2961.19	36.6935
2961.83	37.2764
2962.46	37.5075
2963.1	36.8945
2963.74	37.3769
2964.37	37.0955
2965.01	37.0754
2965.65	37.4272
2966.28	37.1558
2966.92	37.1859
2967.55	36.9548
2968.19	36.7638
2968.82	37.2261
2969.46	36.4121
2970.09	36.9347
2970.73	36.5929
2971.36	36.9146
2972	36.7136
2972.63	36.5126
2973.27	36.9447
2973.9	37.2261
2974.53	36.0201
2975.17	36.392
2975.8	36.3417
2976.43	36.402
2977.07	36.9347
2977.7	37.1156
2978.33	36.4623
2978.96	36.1105
2979.6	36.6633
2980.23	35.9799
2980.86	36.2312
2981.49	36.6834
2982.13	36.1005
2982.76	36.5025
2983.39	36.1106
2984.02	36.1307
2984.65	36.3316
2985.28	36.2412
2985.91	36.2714
2986.54	36.5126
2987.17	36.1709
2987.8	36.3417
2988.43	35.7789
2989.06	37.0452
2989.69	35.6583
2990.32	36.5427
2990.95	36.0101
2991.58	36.402
2992.21	35.9598
2992.84	36.0704
2993.47	35.9096
2994.1	36.392
2994.73	36.603
2995.35	36.5226
2995.98	36.2211
2996.61	36.2613
2997.24	36.2613
2997.87	35.9397
2998.49	36.7035
2999.12	36.3819
2999.75	35.9598
3000.38	35.9296
3001	35.809
3001.63	35.3869
3002.26	35.809
3002.88	36.1608
3003.51	36.2513
3004.13	36.5326
3004.76	36.1709
3005.39	36.0603
3006.01	36.0201
3006.64	36.0703
3007.26	35.7085
3007.89	35.8492
3008.51	36.5126
3009.14	36.2111
3009.76	36.1206
3010.39	36.1407
3011.01	35.9397
3011.63	35.7085
3012.26	36.2412
3012.88	36.191
3013.51	35.6382
3014.13	36.0302
3014.75	35.6181
3015.38	35.9497
3016	35.7688
3016.62	35.8694
3017.25	35.6884
3017.87	35.6583
3018.49	36.4824
3019.11	36.5226
3019.73	35.4472
3020.36	36.1307
3020.98	36.4422
3021.6	35.7487
3022.22	36.2111
3022.84	35.9196
3023.46	36.191
3024.08	36.2814
3024.7	36.1608
3025.33	36.2814
3025.95	36.1507
3026.57	36.2312
3027.19	35.3668
3027.81	35.5477
3028.43	35.6985
3029.05	36.3015
3029.67	35.8593
3030.28	35.5075
3030.9	35.799
3031.52	36.1407
3032.14	35.9296
3032.76	36.3618
3033.38	35.799
3034	36.201
3034.62	36.1106
3035.23	35.8593
3035.85	35.6583
3036.47	35.7487
3037.09	36.3015
3037.7	36.2613
3038.32	36.0101
3038.94	36.0804
3039.55	36.0402
3040.17	36.1206
3040.79	36.0704
3041.4	36.2412
3042.02	36.1709
3042.64	36.0603
3043.25	36.8744
3043.87	35.809
3044.48	36.2211
3045.1	36.3618
3045.71	35.7286
3046.33	36.4121
3046.94	35.9497
3047.56	35.9397
3048.17	36.402
3048.79	36.2111
3049.4	36.1809
3050.02	35.8493
3050.63	35.598
3051.24	36.2512
3051.86	36.5729
3052.47	35.7186
3053.08	36.5025
3053.7	36.201
3054.31	35.8291
3054.92	36.5628
3055.54	35.407
3056.15	36.01
3056.76	35.6482
3057.37	35.9598
3057.98	35.8895
3058.6	35.8794
3059.21	36.4623
3059.82	35.4774
3060.43	35.9296
3061.04	36.0302
3061.65	35.9899
3062.26	36.2613
3062.87	36.2613
3063.49	36.3317
3064.1	35.8894
3064.71	35.6684
3065.32	36.4121
3065.93	35.8995
3066.54	36.3417
3067.15	35.9899
3067.76	36.211
3068.36	36.1608
3068.97	35.5377
3069.58	36.201
3070.19	35.5879
3070.8	36.2312
3071.41	36.6131
3072.02	36.3618
3072.62	35.9497
3073.23	36.201
3073.84	35.8191
3074.45	36.0503
3075.06	36.1809
3075.66	35.6784
3076.27	35.9196
3076.88	36.7538
3077.48	35.9799
3078.09	35.8794
3078.7	36.2211
3079.3	36.3417
3079.91	35.9196
3080.52	35.9598
3081.12	35.7488
3081.73	35.9096
3082.33	36.1708
3082.94	36.1206
3083.54	35.9095
3084.15	36.4623
3084.75	36.804
3085.36	36.2814
3085.96	36.5126
3086.57	35.9799
3087.17	35.799
3087.78	36.5628
3088.38	36.3216
3088.98	36.1407
3089.59	36.5628
3090.19	36.392
3090.79	35.7186
3091.4	35.8995
3092	36.1507
3092.6	36.1608
3093.21	36.5528
3093.81	36.5125
3094.41	35.6583
3095.01	36.7337
3095.61	35.7588
3096.22	35.799
3096.82	36.0502
3097.42	36.2312
3098.02	36.0201
3098.62	35.7487
3099.22	36.0201
3099.82	36.3718
3100.42	35.8492
3101.02	35.8493
3101.63	36.2915
3102.23	36.603
3102.83	36.8141
3103.42	36.0402
3104.03	36.0703
3104.62	36.3618
3105.22	36.1407
3105.82	36.4824
3106.42	36.3216
3107.02	36.1407
3107.62	36.603
3108.22	35.7387
3108.82	36.2211
3109.42	36.3618
3110.01	36.4522
3110.61	35.9899
3111.21	35.8794
3111.81	36.4221
3112.4	36.0704
3113	35.608
3113.6	36.2211
3114.2	36.0201
3114.79	35.598
3115.39	35.8794
3115.99	36.2613
3116.58	36.3618
3117.18	35.9598
3117.77	35.8593
3118.37	36.3116
3118.97	35.7889
3119.56	35.9899
3120.16	35.8091
3120.75	36
3121.35	36.2111
3121.94	35.9598
3122.54	35.4975
3123.13	36.5427
3123.73	35.9598
3124.32	36.3417
3124.92	35.5679
3125.51	36.1809
3126.1	35.6482
3126.7	35.8593
3127.29	36.0302
3127.88	36.2513
3128.48	36.2814
3129.07	36
3129.66	36.4422
3130.25	36.2613
3130.85	35.7387
3131.44	36.4724
3132.03	36.5528
3132.62	36.3518
3133.22	36.2211
3133.81	36.0904
3134.4	35.8091
3134.99	35.8191
3135.58	36.4724
3136.17	35.6482
3136.76	36.2714
3137.35	36.1508
3137.94	35.7688
3138.54	35.809
3139.13	36.0905
3139.72	35.7789
3140.31	36.392
3140.9	36.01
3141.48	36.0804
3142.07	35.9296
3142.66	36.1005
3143.25	35.9699
3143.84	36.0201
3144.43	36.5327
3145.02	35.8493
3145.61	36.0301
3146.2	36.392
3146.78	36.5427
3147.37	35.8191
3147.96	35.6482
3148.55	35.4573
3149.14	36.1708
3149.72	36.191
3150.31	35.6382
3150.9	35.9397
3151.48	35.5779
3152.07	35.9196
3152.66	36.3618
3153.24	37.0553
3153.83	36.2613
3154.42	36.9045
3155	36.2312
3155.59	35.5276
3156.17	36.804
3156.76	36.0603
3157.34	36.0904
3157.93	35.8291
3158.51	36.3317
3159.1	35.7286
3159.68	36.2613
3160.27	36.3719
3160.85	36.0905
3161.44	35.5176
3162.02	36.2814
3162.6	35.9196
3163.19	36.3317
3163.77	35.8894
3164.35	35.6583
3164.94	35.9196
3165.52	36.0503
3166.1	35.8291
3166.69	35.5477
3167.27	35.799
3167.85	36.0503
3168.43	36.0201
3169.02	36.4623
3169.6	36.7738
3170.18	35.8091
3170.76	36.6432
3171.34	36.8241
3171.92	35.8392
3172.51	36.0402
3173.09	36.3417
3173.67	36.2814
3174.25	35.8894
3174.83	36.3317
3175.41	36.2613
3175.99	36.3719
3176.57	36.211
3177.15	36.8342
3177.73	36.2714
3178.31	36.2311
3178.89	35.4774
3179.47	36.0804
3180.05	36.1005
3180.62	36.4523
3181.2	36.1307
3181.78	35.6382
3182.36	36.4523
3182.94	35.8091
3183.52	36.0804
3184.09	36.1809
3184.67	36.3216
3185.25	36.603
3185.83	35.9095
3186.4	36.7638
3186.98	36.3618
3187.56	35.7387
3188.14	36.1005
3188.71	36.1307
3189.29	36.0804
3189.86	36.2613
3190.44	35.9497
3191.02	35.7588
3191.59	36.1005
3192.17	36.603
3192.74	36.1708
3193.32	35.8995
3193.89	36.7337
3194.47	35.7286
3195.04	36.4422
3195.62	36.6131
3196.19	36.5327
3196.77	36.2513
3197.34	36.402
3197.92	36.4824
3198.49	36.0704
3199.06	36.1306
3199.64	35.5678
3200.21	36.8643
3200.78	35.6784
3201.36	36.4322
3201.93	36.8141
3202.5	36
3203.08	35.99
3203.65	36.4925
3204.22	35.7588
3204.79	36.1508
3205.37	36.4422
3205.94	36.1608
3206.51	35.799
3207.08	36.6432
3207.65	35.799
3208.22	36.1709
3208.79	36.1909
3209.36	36.392
3209.94	35.9497
3210.51	35.8995
3211.08	36.3015
3211.65	36.0201
3212.22	35.7889
3212.79	36.2613
3213.36	36.0704
3213.93	36.0905
3214.5	35.8492
3215.07	36.0503
3215.63	36.5025
3216.2	36.5226
3216.77	36.3819
3217.34	36.402
3217.91	35.8493
3218.48	36.4724
3219.05	36.2312
3219.61	36.1106
3220.18	36.4724
3220.75	36.1407
3221.32	36.191
3221.89	36.3819
3222.45	36.2211
3223.02	36.5226
3223.59	36.402
3224.15	36.2915
3224.72	36.8844
3225.29	36.5829
3225.85	36.3517
3226.42	36.5829
3226.98	36.402
3227.55	36.6131
3228.12	36.2513
3228.68	36.4121
3229.25	36.4623
3229.81	36.8342
3230.38	36.211
3230.94	35.7387
3231.51	36.0704
3232.07	36.3417
3232.63	36.2312
3233.2	36.0603
3233.76	35.6884
3234.33	35.7889
3234.89	36.2311
3235.45	36.3719
3236.02	36.2814
3236.58	36.4918
3237.14	36.6354
3237.71	35.9815
3238.27	36.1964
3238.83	36.4772
3239.4	35.8155
3239.96	36.1377
3240.52	36.706
3241.08	35.8209
3241.64	36.3718
3242.2	36.9122
3242.77	35.9263
3243.33	36.5157
3243.89	36.2395
3244.45	35.8321
3245.01	36.6711
3245.57	35.6298
3246.13	36.0323
3246.69	36.3429
3247.25	36.1055
3247.81	36.0223
3248.37	35.932
3248.93	36.5029
3249.49	35.805
3250.05	35.8536
3250.61	35.8499
3251.17	35.8308
3251.73	35.8513
3252.29	35.7786
3252.85	36.0636
3253.41	36.0864
3253.96	35.7269
3254.52	35.4483
3255.08	36.1075
3255.64	35.8912
3256.2	35.6564
3256.75	35.6559
3257.31	35.9302
3257.87	35.8295
3258.43	35.659
3258.98	35.6964
3259.54	35.7278
3260.1	35.6266
3260.65	35.4787
3261.21	35.3493
3261.76	35.4904
3262.32	35.5793
3262.88	35.5611
3263.43	35.6594
3263.99	35.8241
3264.54	35.403
3265.1	35.6247
3265.65	35.2724
3266.21	35.2716
3266.76	35.5951
3267.32	35.5012
3267.87	35.6829
3268.43	35.4842
3268.98	35.606
3269.53	35.6682
3270.09	35.6287
3270.64	35.3344
3271.19	35.4459
3271.75	35.2441
3272.3	35.259
3272.85	35.2132
3273.41	35.3808
3273.96	35.49
3274.51	35.608
3275.06	35.4842
3275.62	35.4683
3276.17	35.1968
3276.72	35.5481
3277.27	35.6097
3277.82	35.373
3278.37	35.4982
3278.93	35.5611
3279.48	35.5179
3280.03	35.1226
3280.58	35.2716
3281.13	35.125
3281.68	35.0519
3282.23	35.3948
3282.78	35.2958
3283.33	35.151
3283.88	34.8951
3284.43	35.1548
3284.98	34.9131
3285.53	35.0527
3286.08	35.2899
3286.63	35.1561
3287.17	34.9605
3287.72	34.8804
3288.27	34.9766
3288.82	35.0431
3289.37	34.8077
3289.92	35.0557
3290.46	34.6545
3291.01	34.9836
3291.56	34.87
3292.11	34.7585
3292.65	34.995
3293.2	34.9095
3293.75	34.8246
3294.29	34.9937
3294.84	34.9449
3295.39	34.9069
3295.62	34.9146
3296.21	35.2864
3296.79	34.6834
3297.37	34.804
3297.96	34.8945
3298.54	34.8744
3299.12	34.5829
3299.7	34.9347
3300.29	35.4673
3300.87	34.2613
3301.45	34.5226
3302.03	34.5226
3302.61	34.7739
3303.2	34.2915
3303.78	35.4372
3304.36	34.4924
3304.94	34.9045
3305.52	35.3769
3306.1	34.8442
3306.68	35.2764
3307.26	34.8342
3307.85	34.8442
3308.43	34.7136
3309.01	34.5126
3309.59	34.8643
3310.17	34.794
3310.75	34.8643
3311.33	34.8342
3311.91	34.995
3312.49	35.0352
3313.07	34.6231
3313.65	34.8945
3314.22	35.0151
3314.8	35.2161
3315.38	34.8141
3315.96	34.8141
3316.54	34.6734
3317.12	35.005
3317.7	34.6332
3318.27	35.0553
3318.85	34.8543
3319.43	34.6734
3320.01	34.8844
3320.59	35.0553
3321.16	34.7739
3321.74	34.8442
3322.32	34.6734
3322.9	34.9648
3323.47	35.2261
3324.05	34.7437
3324.63	34.7538
3325.2	34.7538
3325.78	34.7438
3326.35	35.0352
3326.93	34.8543
3327.51	34.5025
3328.08	35.3869
3328.66	34.5829
3329.23	34.7839
3329.81	34.4925
3330.38	34.392
3330.96	34.8241
3331.53	35.0955
3332.11	34.7136
3332.69	34.9146
3333.26	34.8844
3333.83	34.7136
3334.41	34.6935
3334.98	34.593
3335.56	34.9447
3336.13	34.6935
3336.7	35.0754
3337.28	34.3116
3337.85	34.6432
3338.43	34.6332
3339	34.794
3339.57	34.995
3340.14	34.5427
3340.72	34.9548
3341.29	34.7035
3341.86	34.5829
3342.43	34.0905
3343.01	34.6935
3343.58	34.5628
3344.15	35.1457
3344.72	35.1256
3345.29	35.2563
3345.87	35.2764
3346.44	34.8945
3347.01	35.206
3347.58	34.7638
3348.15	34.7437
3348.72	35.1256
3349.29	34.5427
3349.86	34.6332
3350.43	34.6734
3351	35.1457
3351.57	34.7035
3352.14	34.4623
3352.71	34.9246
3353.28	34.6131
3353.85	34.804
3354.42	34.593
3354.99	34.8442
3355.56	35.5578
3356.13	34.9648
3356.7	35.196
3357.27	34.9648
3357.84	35.1156
3358.41	34.3015
3358.97	35.3869
3359.54	35.0653
3360.11	34.2111
3360.68	35.1859
3361.25	34.6935
3361.81	35.1658
3362.38	34.8342
3362.95	34.8844
3363.52	35.0251
3364.08	34.8643
3364.65	35.1055
3365.22	34.5628
3365.78	34.9648
3366.35	34.9849
3366.92	34.9447
3367.48	35.0352
3368.05	34.8643
3368.62	34.4824
3369.18	35.608
3369.75	34.8543
3370.31	34.5628
3370.88	34.6834
3371.44	34.6432
3372.01	34.9347
3372.57	34.4623
3373.14	35.1859
3373.7	35.0955
3374.27	35.0151
3374.83	34.603
3375.4	34.2412
3375.96	34.9749
3376.53	35.8392
3377.09	34.5528
3377.65	34.8844
3378.22	34.7337
3378.78	34.7437
3379.34	34.5427
3379.91	35.2462
3380.47	35.1759
3381.03	34.6332
3381.6	34.6533
3382.16	34.6633
3382.72	34.9849
3383.28	34.3015
3383.85	34.8442
3384.41	34.6935
3384.97	35.3668
3385.53	34.7538
3386.09	34.8643
3386.66	34.804
3387.22	34.9749
3387.78	34.5528
3388.34	34.9648
3388.9	35.0452
3389.46	34.5528
3390.02	34.9447
3390.58	34.9347
3391.15	34.4221
3391.71	35.1256
3392.27	34.593
3392.83	34.9548
3393.39	34.9648
3393.95	34.7739
3394.51	34.5025
3395.07	35.0653
3395.62	34.7337
3396.18	34.8141
3396.74	34.7337
3397.3	34.613
3397.86	34.3518
3398.42	34.3518
3398.98	34.9749
3399.54	34.4724
3400.09	34.9648
3400.65	34.201
3401.21	34.5829
3401.77	34.8543
3402.33	34.5226
3402.88	35.1859
3403.44	35.2864
3404	34.8844
3404.56	34.2613
3405.11	35.1156
3405.67	35.0754
3406.23	35.1256
3406.78	34.6633
3407.34	34.6734
3407.9	35.2462
3408.45	35.196
3409.01	34.804
3409.57	34.2714
3410.12	34.6834
3410.68	34.9548
3411.23	35.1558
3411.79	34.2412
3412.34	34.5226
3412.9	34.4925
3413.45	34.9146
3414.01	34.211
3414.56	34.0201
3415.12	34.4824
3415.67	34.5427
3416.23	34.6231
3416.78	34.4322
3417.33	34.2915
3417.89	34.5427
3418.44	34.1909
3419	35.0653
3419.55	33.8894
3420.1	34.7638
3420.66	34.3015
3421.21	35.0754
3421.76	34.7638
3422.31	34.9648
3422.87	34.6633
3423.42	35.206
3423.97	35.0352
3424.52	35.3467
3425.08	34.7538
3425.63	34.5729
3426.18	34.5126
3426.73	34.7337
3427.28	34.6533
3427.84	33.7287
3428.39	35.0352
3428.94	34.5126
3429.49	34.0804
3430.04	34.2714
3430.59	34.4724
3431.14	35.3266
3431.69	34.5628
3432.24	35.0553
3432.79	34.7839
3433.34	34.5729
3433.89	35.5377
3434.44	35.0754
3434.99	35.5879
3435.54	34.6834
3436.09	34.6935
3436.64	34.9045
3437.19	35.0151
3437.74	35.0754
3438.29	34.6734
3438.83	34.5427
3439.38	34.7638
3439.93	34.8744
3440.48	34.6834
3441.03	34.6633
3441.58	34.9648
3442.12	35.397
3442.67	34.9548
3443.22	35.2663
3443.77	34.794
3444.31	34.794
3444.86	35.0653
3445.41	34.4925
3445.96	34.4925
3446.5	34.5628
3447.05	34.8442
3447.59	34.3216
3448.14	34.9749
3448.69	34.5327
3449.23	34.3819
3449.78	35.4171
3450.32	35.0452
3450.87	34.7437
3451.42	35.3568
3451.96	34.7437
3452.51	35.7688
3453.05	34.8543
3453.6	34.8342
3454.14	35.4975
3454.69	35.397
3455.23	35.6583
3455.77	34.6332
3456.32	35.005
3456.86	35.2865
3457.41	34.9146
3457.95	34.4221
3458.49	34.6332
3459.04	34.7638
3459.58	34.7035
3460.13	34.4623
3460.67	34.9849
3461.21	34.6332
3461.75	35.2161
3462.3	34.9347
3462.84	34.6935
3463.38	34.995
3463.92	35.3065
3464.47	34.9146
3465.01	34.9347
3465.55	34.9749
3466.09	34.8744
3466.63	35.206
3467.17	35.0653
3467.72	35.7186
3468.26	35.4673
3468.8	35.3769
3469.34	35.1457
3469.88	35.1357
3470.42	35.1558
3470.96	35.2764
3471.5	34.5729
3472.04	34.6432
3472.58	34.7638
3473.12	34.6432
3473.66	34.4422
3474.2	35.397
3474.74	34.8342
3475.28	34.5829
3475.82	34.3518
3476.36	34.7437
3476.9	34.9648
3477.44	35.3166
3477.97	35.2362
3478.51	34.9849
3479.05	34.7236
3479.59	35.1859
3480.13	34.9347
3480.67	34.9246
3481.2	35.5779
3481.74	34.8844
3482.28	35.2764
3482.82	35.0653
3483.36	34.9548
3483.89	34.7035
3484.43	35.2462
3484.97	35.1658
3485.5	34.9045
3486.04	35.1859
3486.58	34.804
3487.11	35.4472
3487.65	35.3367
3488.19	35.2362
3488.72	34.8844
3489.26	35.1558
3489.79	35.196
3490.33	35.4673
3490.86	35.1658
3491.4	34.7638
3491.93	35.0653
3492.47	35.3266
3493	34.995
3493.54	34.8241
3494.07	35.2362
3494.61	35.6181
3495.14	34.7136
3495.68	35.6181
3496.21	34.8141
3496.74	35.2965
3497.28	35.5176
3497.81	34.9347
3498.34	34.4724
3498.88	35.2161
3499.41	35.3568
3499.94	34.794
3500.48	35.1256
3501.01	35.3568
3501.54	35.2563
3502.07	34.4221
3502.61	34.5327
3503.14	34.9548
3503.67	34.8643
3504.2	35.5075
3504.74	34.593
3505.27	34.9447
3505.8	35.3367
3506.33	35.7186
3506.86	35.397
3507.39	35.2563
3507.92	35.5477
3508.45	34.2814
3508.98	34.6935
3509.52	35.3266
3510.05	34.8945
3510.58	35.397
3511.11	35.3468
3511.64	35.4271
3512.17	34.6231
3512.7	35.1256
3513.23	35.196
3513.76	35.7789
3514.28	35.196
3514.81	34.9347
3515.34	35.1759
3515.87	35.1357
3516.4	35.1357
3516.93	35.0955
3517.46	34.8442
3517.99	34.5628
3518.51	35.3568
3519.04	35.407
3519.57	35.2563
3520.1	35.2764
3520.63	34.8643
3521.15	35.0955
3521.68	34.9648
3522.21	35.1658
3522.74	35.3266
3523.26	34.8945
3523.79	35.196
3524.32	34.9347
3524.84	34.9447
3525.37	34.8744
3525.9	34.7135
3526.42	35.0653
3526.95	35.2864
3527.47	35.2261
3528	35.1357
3528.53	34.5729
3529.05	35.5477
3529.58	35.1256
3530.1	35.0553
3530.63	35.397
3531.15	35.1156
3531.68	35.4975
3532.2	35.4472
3532.73	35.2965
3533.25	35.5075
3533.77	35.9297
3534.3	35.7688
3534.82	34.995
3535.35	35.9397
3535.87	35.7085
3536.39	35.3568
3536.92	35.6583
3537.44	35.6181
3537.96	35.3869
3538.49	34.9246
3539.01	35.8593
3539.53	35.5678
3540.05	35.1558
3540.58	35.0452
3541.1	34.9045
3541.62	35.2764
3542.14	35.2864
3542.66	35.6583
3543.19	35.0854
3543.71	36
3544.23	35.3367
3544.75	35.4874
3545.27	35.2362
3545.79	35.6282
3546.31	35.0352
3546.83	35.0452
3547.36	35.0251
3547.88	35.7086
3548.4	35.588
3548.92	35.005
3549.44	35.2261
3549.96	35.1759
3550.48	34.8945
3551	35.0854
3551.52	34.9548
3552.04	35.0352
3552.55	34.9749
3553.07	35.4673
3553.59	35.5377
3554.11	35.3769
3554.63	35.2362
3555.15	35.4774
3555.67	35.005
3556.19	35.3769
3556.7	35.1357
3557.22	35.2663
3557.74	35.4975
3558.26	35.5678
3558.78	35.3166
3559.29	34.9648
3559.81	35.1357
3560.33	34.5528
3560.84	35.4874
3561.36	34.8141
3561.88	35.4975
3562.4	35.407
3562.91	35.3869
3563.43	34.7638
3563.94	35.8794
3564.46	35.1457
3564.98	35.3668
3565.49	34.9849
3566.01	35.0653
3566.52	35.2261
3567.04	35.3467
3567.55	35.0553
3568.07	35.4271
3568.58	35.4171
3569.1	35.9196
3569.61	38.1407
3570.13	39.7487
3570.64	40.0101
3571.16	39.6281
3571.67	39.1658
3572.19	38.6332
3572.7	36.1608
3573.21	36.1809
3573.73	35.4874
3574.24	35.6382
3574.75	35.2965
3575.27	35.1859
3575.78	35.2261
3576.29	34.9548
3576.81	35.6382
3577.32	35.1457
3577.83	35.1457
3578.34	35.7588
3578.86	35.4472
3579.37	35.005
3579.88	35.397
3580.39	35.196
3580.9	36.201
3581.41	35.6784
3581.93	35.5276
3582.44	35.0754
3582.95	35.8493
3583.46	35.598
3583.97	35.2462
3584.48	35.6281
3584.99	35.196
3585.5	36.1407
3586.01	35.0251
3586.52	35.2462
3587.03	34.7236
3587.54	35.4874
3588.05	35.3668
3588.56	34.603
3589.07	35.0754
3589.58	35.0653
3590.09	35.0854
3590.6	35.2965
3591.11	34.995
3591.62	34.8945
3592.13	35.4372
3592.63	34.6331
3593.14	35.3065
3593.65	35.4975
3594.16	35.2563
3594.67	35.3065
3595.18	35.005
3595.68	35.397
3596.19	35.1055
3596.7	35.9699
3597.21	35.3367
3597.71	35.1759
3598.22	35.3166
3598.73	35.206
3599.23	34.8241
3599.74	35.1859
3600.25	35.2864
3600.75	34.9045
3601.26	35.1256
3601.77	35.5276
3602.27	34.9045
3602.78	34.8241
3603.28	35.0352
3603.79	34.8543
3604.29	35.608
3604.8	35.1055
3605.3	35.3367
3605.81	35.2663
3606.31	35.1558
3606.82	34.6131
3607.32	35.6985
3607.83	36.0301
3608.33	34.995
3608.84	35.005
3609.34	35.0251
3609.84	34.5528
3610.35	35.4271
3610.85	34.7839
3611.35	35.0452
3611.86	35.2663
3612.36	35.2261
3612.86	34.7839
3613.37	35.3568
3613.87	35.598
3614.37	34.9548
3614.88	35.1357
3615.38	34.804
3615.88	35.005
3616.38	35.1055
3616.88	34.9146
3617.39	35.2563
3617.89	35.4874
3618.39	35.8895
3618.89	35.1357
3619.39	35.1859
3619.89	35.3869
3620.39	34.7035
3620.89	35.0251
3621.4	34.6231
3621.9	35.0553
3622.4	35.4473
3622.9	35.6282
3623.4	35.0854
3623.9	35.0352
3624.4	35.5779
3624.9	35.3668
3625.4	35.1156
3625.9	35.1055
3626.4	35.0955
3626.89	34.7839
3627.39	35.2261
3627.89	35.5075
3628.39	34.9749
3628.89	35.4874
3629.39	35.1658
3629.89	35.4171
3630.38	35.4271
3630.88	34.9146
3631.38	35.1859
3631.88	35.1759
3632.38	35.4774
3632.87	35.1658
3633.37	34.8342
3633.87	35.6784
3634.37	34.7739
3634.86	35.1457
3635.36	35.0352
3635.86	34.8141
3636.35	35.5578
3636.85	34.6935
3637.35	34.8141
3637.84	35.2663
3638.34	34.8844
3638.83	34.7136
3639.33	35.1759
3639.83	35.397
3640.32	34.8442
3640.82	34.7638
3641.31	35.3065
3641.81	34.8643
3642.3	35.2965
3642.8	34.7337
3643.29	34.794
3643.79	35.2261
3644.28	35.2563
3644.77	35.206
3645.27	34.9648
3645.76	35.0151
3646.26	34.7839
3646.75	34.8643
3647.24	34.9045
3647.74	35.0452
3648.23	34.6533
3648.72	35.6985
3649.22	35.3166
3649.71	35.4975
3650.2	35.4874
3650.7	35.2261
3651.19	34.8241
3651.68	35.0553
3652.17	34.8141
3652.66	35.2663
3653.16	35.1156
3653.65	34.8442
3654.14	34.8342
3654.63	34.8643
3655.12	34.603
3655.61	35.4774
3656.11	34.9548
3656.6	34.8543
3657.09	35.2663
3657.58	34.3517
3658.07	34.9749
3658.56	35.3166
3659.05	35.1256
3659.54	35.4372
3660.03	34.6935
3660.52	35.2362
3661.01	34.6533
3661.5	35.0854
3661.99	35.206
3662.48	35.0553
3662.97	34.804
3663.46	34.995
3663.94	35.5779
3664.43	35.1859
3664.92	35.2462
3665.41	35.4472
3665.9	34.9246
3666.39	35.2462
3666.88	35.0754
3667.36	34.8241
3667.85	35.2965
3668.34	34.7236
3668.83	35.4472
3669.31	35.2965
3669.8	35.1256
3670.29	35.0653
3670.77	35.4071
3671.26	35.1658
3671.75	34.9347
3672.24	34.9447
3672.72	35.3065
3673.21	35.1256
3673.69	34.9648
3674.18	35.0854
3674.67	35.0352
3675.15	34.9548
3675.64	35.1759
3676.12	35.3266
3676.61	34.9045
3677.09	34.8141
3677.58	34.995
3678.06	35.7186
3678.55	35.608
3679.03	34.4925
3679.52	34.6533
3680	34.8945
3680.49	34.8945
3680.97	35.0754
3681.45	34.9447
3681.94	35.0854
3682.42	35.2261
3682.91	35.0955
3683.39	35.3668
3683.87	34.7538
3684.36	35.5276
3684.84	34.8744
3685.32	35.0754
3685.8	34.6231
3686.29	34.3518
3686.77	35.1256
3687.25	34.7136
3687.73	34.7739
3688.22	35.206
3688.7	34.7437
3689.18	35.3065
3689.66	34.7638
3690.14	34.7337
3690.63	34.5226
3691.11	34.7337
3691.59	35.206
3692.07	34.804
3692.55	35.4774
3693.03	35.8593
3693.51	35.1859
3693.99	35.1055
3694.47	35.3668
3694.95	34.8241
3695.43	34.9246
3695.91	34.2915
3696.39	34.7136
3696.87	35.0553
3697.35	35.1658
3697.83	34.9146
3698.31	34.9347
3698.79	34.9447
3699.27	34.6432
3699.75	35.608
