174.118	155.899
177.119	153.394
180.12	152.465
183.119	151.758
186.116	149.172
189.112	147.818
192.106	146.687
195.099	143.677
198.09	141.152
201.081	141.515
204.069	139.434
207.056	139.596
210.042	136.081
213.026	137.071
216.008	134.626
218.989	135.98
221.969	133.677
224.948	133.576
227.925	136.202
230.9	133.152
233.874	134.141
236.847	134.889
239.818	136.768
242.787	135.192
245.756	137.172
248.723	136.404
251.687	136
254.651	136.263
257.614	136.061
260.575	135.273
263.535	132.101
266.493	131.374
269.45	130.242
272.404	131.354
275.359	129.03
278.311	129.737
281.262	130.343
284.212	128.404
287.16	127.697
290.106	127.253
293.052	126.687
295.995	129.172
298.937	130.465
301.879	129.192
304.819	128.566
307.756	129.636
310.693	128.707
313.628	132
316.562	133.273
319.494	136.586
322.425	138.667
325.355	139.939
328.283	138
331.21	138.04
334.136	137.556
337.059	141.838
339.982	144.485
342.903	144.768
345.823	144.343
348.741	145.475
351.658	145.758
354.573	146.768
357.487	147.293
360.4	145.515
363.311	146.606
366.221	144.465
369.129	144.061
372.037	142.323
374.942	140.99
377.846	135.919
380.749	136.04
383.651	133.657
386.551	131.313
389.449	132.626
392.346	131.697
395.242	131.98
398.137	128.162
401.03	126.727
403.921	126.04
406.811	135.879
409.7	138.909
412.588	137.333
415.473	135.03
418.358	122.121
421.242	120.242
424.123	119.111
427.004	118.02
429.883	118.061
432.76	117.455
435.637	115.737
438.511	115.596
441.385	116.141
444.258	118.101
447.128	117.374
449.997	118.687
452.865	120.929
455.732	123.232
458.597	127.677
461.461	128.485
464.324	129.374
467.185	127.313
470.045	124.525
472.902	121.374
475.76	118.182
478.615	116.848
481.469	115.535
484.322	116.606
487.173	116.687
490.024	119.192
492.872	121.293
495.72	123.495
498.566	125.455
501.41	127.091
504.254	125.737
507.096	126.384
509.936	126.505
512.775	125.677
515.613	126.424
518.45	128.323
521.285	130.364
524.119	134.323
526.951	136.869
529.781	138.848
532.611	136.202
535.44	134.929
538.267	133.253
541.092	128.949
543.917	126.384
546.739	122.768
549.561	119.697
552.381	117.354
555.2	117.657
558.018	116.101
560.834	114.869
563.648	115.434
566.462	111.596
569.274	111.091
572.084	111.535
574.894	110.061
577.702	110.04
580.509	110.626
583.314	111.232
586.117	112.283
588.92	112.545
591.722	115.495
594.521	117.616
597.321	118.384
600.117	118.626
602.914	116.364
605.708	114.404
608.502	113.333
611.294	110.707
614.084	109.778
616.873	107.939
619.661	105.657
622.448	107.434
625.233	107.919
628.017	107.111
630.8	108.465
633.581	108.101
636.362	109.414
639.14	106.667
641.917	104.667
644.693	104.424
647.468	106.141
650.242	105.616
653.013	105.798
655.784	105.232
658.554	106.444
661.321	105.03
664.088	105.232
666.853	106.747
669.617	104.424
672.38	103.556
675.141	102.646
677.902	100.545
680.661	99.5555
683.418	98.202
686.175	97.8586
688.929	96.8081
691.683	97.1515
694.435	94.2828
697.186	94.404
699.936	92.505
702.685	91.697
705.431	89.7172
708.177	88.0202
710.921	90.2424
713.664	87.1717
716.406	86.1818
719.146	86.6667
721.886	86.202
724.624	85.3131
727.36	86.5051
730.096	85.7374
732.829	84.1414
735.562	83.3737
738.294	82.3838
741.024	82.8081
743.753	81.5758
746.48	80.0404
749.206	80.2222
751.931	78.8485
754.655	79.3535
757.377	78.7677
760.098	78.4848
762.818	77.7172
765.537	78.8485
768.254	76.3636
770.969	78.6061
773.684	77.0505
776.397	77.8586
779.109	77.7374
781.82	79.0909
784.529	79.0505
787.238	79.1111
789.944	79.798
792.65	82.303
795.354	84.4848
798.057	85.798
800.759	88.4848
803.46	92.202
806.159	97.2121
808.856	100.545
811.553	109.596
814.248	112.566
816.943	115.192
819.635	117.152
822.327	116.97
825.017	114.828
827.706	113.051
830.393	111.798
833.08	112.99
835.765	112.828
838.448	111.616
841.131	108.404
843.812	105.636
846.492	99.2323
849.171	95.5151
851.849	93.8182
854.526	90.8485
857.2	91.9798
859.874	94.1616
862.546	93.1313
865.218	93.4546
867.888	90.4849
870.556	86.4848
873.224	88.2626
875.89	87.1717
878.555	86.8081
881.219	85.2323
883.881	84.2626
886.542	83.9798
889.202	83.2525
891.86	82.8283
894.518	83.0101
897.174	83.0707
899.829	81.5758
902.482	83.3535
905.134	82.7272
907.786	81.6566
910.436	81.0505
913.084	79.697
915.732	78.7475
918.378	78.303
921.023	79.6565
923.666	76.8081
926.308	78
928.949	78.3636
931.59	77.4747
934.228	75.6566
936.866	77.6162
939.502	76.3434
942.136	77.8182
944.77	77.394
947.403	77.6566
950.034	77.394
952.664	74.8889
955.293	75.1717
957.92	73.3939
960.546	72.8081
963.171	72.0808
965.795	72.1616
968.417	71.8182
971.039	72.7677
973.659	74.101
976.277	76.5455
978.895	77.6161
981.512	77.3131
984.127	78.6666
986.741	79.0505
989.353	79.0909
991.964	79.8586
994.575	79.4748
997.184	79.697
999.791	80.9091
1002.4	82.2829
1005	80.6869
1007.61	80.7273
1010.21	81.8788
1012.81	84.1212
1015.41	85.495
1018.01	85.9394
1020.61	89.4545
1023.21	88.6263
1025.8	91.2525
1028.4	94.5051
1030.99	97.1717
1033.58	99.1717
1036.17	101.96
1038.76	105.273
1041.35	105.879
1043.94	108.263
1046.52	109.394
1049.11	110.99
1051.69	110.343
1054.27	111.253
1056.85	109.071
1059.43	107.535
1062.01	107.071
1064.59	105.313
1067.17	104.566
1069.74	103.859
1072.31	101.293
1074.89	100.788
1077.46	99.4142
1080.03	96.1212
1082.6	94.8081
1085.16	92.7475
1087.73	91.5758
1090.3	93.6768
1092.86	89.7576
1095.42	90.5051
1097.98	89.7576
1100.55	91.5757
1103.1	90.0808
1105.66	91.3535
1108.22	91.4141
1110.78	93.6566
1113.33	93.5151
1115.88	91.8788
1118.44	90.8283
1120.99	91.8586
1123.54	93.4949
1126.09	92.808
1128.63	91.8788
1131.18	91.7374
1133.72	90.6667
1136.27	89.2121
1138.81	88.3232
1141.35	86.6061
1143.89	86.5253
1146.43	83.9798
1148.97	82.8889
1151.51	82.2424
1154.04	82.4647
1156.58	82.5252
1159.11	83.7374
1161.64	85.0101
1164.17	85.9394
1166.7	86.9899
1169.23	86.4242
1171.76	85.4747
1174.28	85.2323
1176.81	84.9293
1179.33	84.2828
1181.85	83.4748
1184.38	85.697
1186.9	83.1717
1189.41	83.2727
1191.93	82.9697
1194.45	82.5253
1196.96	83.3333
1199.48	83.394
1201.99	83.7172
1204.5	84.1414
1207.01	86.0808
1209.52	86.9091
1212.03	86.7475
1214.54	86.3839
1217.05	87.5556
1219.55	87.6364
1222.05	87.9596
1224.56	88.6465
1227.06	89.6162
1229.56	89.2929
1232.06	89.2525
1234.56	89.2727
1237.05	89.4545
1239.55	90.8687
1242.04	92.4242
1244.54	92.5253
1247.03	92.9899
1249.52	93.0505
1252.01	93.4343
1254.5	92.4242
1256.99	103.616
1259.47	109.737
1261.96	109.576
1264.44	108.808
1266.93	100.707
1269.41	93.1717
1271.89	92.0202
1274.37	92.3838
1276.85	91.596
1279.32	88.9293
1281.8	89.6364
1284.27	88.1212
1286.75	87.0101
1289.22	86.1616
1291.69	85.9798
1294.16	84.8283
1296.63	84.2828
1299.1	83.4949
1301.57	82.7475
1304.03	83.1717
1306.5	82.2424
1308.96	82.7879
1311.42	83.9192
1313.88	84.1212
1316.34	84.6465
1318.8	85.1717
1321.26	83.596
1323.72	85.1919
1326.17	85.7576
1328.63	84.7677
1331.08	84.5859
1333.53	85.2525
1335.98	85.1717
1338.43	87.0707
1340.88	85.5354
1343.33	86.9091
1345.77	84.8485
1348.22	85.1111
1350.66	85.3131
1353.11	84.7475
1355.55	84.3636
1357.99	84.9697
1360.43	84.1818
1362.87	84.6061
1365.31	84.4444
1367.74	83.7778
1370.18	82.8283
1372.61	81.9596
1375.04	80.6263
1377.48	82.6263
1379.91	80.8485
1382.34	79.5353
1384.76	81.4141
1387.19	79.3131
1389.62	79.5151
1392.04	79.9394
1394.47	79.4748
1396.89	78.0808
1399.31	78.7677
1401.73	78
1404.15	76.404
1406.57	77.1919
1408.99	76.2828
1411.4	74.6061
1413.82	75.8182
1416.23	76.4445
1418.64	74.6869
1421.06	73.8182
1423.47	73.2525
1425.88	72.6061
1428.28	73.2727
1430.69	73.2121
1433.1	74.202
1435.5	74.4848
1437.91	75.0707
1440.31	77.5152
1442.71	78.5657
1445.11	79.7778
1447.51	82.101
1449.91	84.4242
1452.31	84.4444
1454.7	85.4949
1457.1	87.2525
1459.49	85.9192
1461.88	84.1414
1464.28	83.6768
1466.67	82.1616
1469.05	80.7475
1471.44	78.1212
1473.83	78
1476.22	74.8889
1478.6	73.6162
1480.99	72.6869
1483.37	70.2424
1485.75	70.2424
1488.13	69.7172
1490.51	68.8283
1492.89	67.1313
1495.27	66.9697
1497.64	66.404
1500.02	64.7878
1502.39	66.4242
1504.77	64.505
1507.14	64.4647
1509.51	64.6465
1511.88	65.4343
1514.25	65.4949
1516.62	64.303
1518.98	64.2626
1521.35	64.2828
1523.71	64.3636
1526.08	64.303
1528.44	63.4545
1530.8	63.7374
1533.16	64.2626
1535.52	64.5253
1537.88	63.1919
1540.23	64.2626
1542.59	64.6465
1544.94	63.4545
1547.3	62.8283
1549.65	62.8687
1552	63.6162
1554.35	63.0505
1556.7	63.3535
1559.05	62.4848
1561.4	64.4242
1563.74	63.495
1566.09	61.6161
1568.43	63.5757
1570.77	61.7778
1573.11	62.2828
1575.46	61.8788
1577.79	62.5252
1580.13	63.0303
1582.47	62.5859
1584.81	61.6364
1587.14	61.5152
1589.48	61.5758
1591.81	62.6263
1594.14	61.7778
1596.47	61.6162
1598.8	62.1414
1601.13	61.0303
1603.46	62.0808
1605.79	59.3737
1608.11	60.8283
1610.44	61.2121
1612.76	60.2222
1615.08	60.0606
1617.4	61.3131
1619.72	60.5455
1622.04	60.5051
1624.36	60.3636
1626.68	59.5353
1629	59.798
1631.31	59.8788
1633.62	59.2323
1635.94	58.8687
1638.25	58.8081
1640.56	59.1313
1642.87	59.3535
1645.18	59.4546
1647.49	58.5455
1649.79	58.3636
1652.1	59.0909
1654.4	58.4041
1656.71	57.495
1659.01	58.303
1661.31	57.3939
1663.61	58.3636
1665.91	56.5657
1668.21	57.6566
1670.51	56.6263
1672.8	56.8889
1675.1	57.7172
1677.39	56.404
1679.68	56.303
1681.98	55.2323
1684.27	56.101
1686.56	55.5556
1688.85	56.6465
1691.13	54.9899
1693.42	55.8788
1695.71	54.7071
1697.99	55.6162
1700.27	55.6768
1702.56	54.2626
1704.84	54.7475
1707.12	54.3636
1709.4	54.4445
1711.68	54.9697
1713.95	54.3232
1716.23	53.7374
1718.51	54.9899
1720.78	55.3131
1723.05	53.6566
1725.33	53.2525
1727.6	52.9697
1729.87	54.4444
1732.14	51.8182
1734.4	52.9495
1736.67	52.7475
1738.94	51.3535
1741.2	51.7374
1743.47	51.3333
1745.73	52.2424
1747.99	52.3232
1750.25	51.6364
1752.51	50.9899
1754.77	51.0909
1757.03	52.2626
1759.29	50.8485
1761.54	51.8384
1763.8	51.8182
1766.05	50.3232
1768.3	52.4646
1770.55	54.2222
1772.81	54.4242
1775.05	53.1313
1777.3	51.2121
1779.55	50.0808
1781.8	49.6768
1784.04	49.0505
1786.29	49.4343
1788.53	49.3737
1790.77	49.0101
1793.02	48.5455
1795.26	49.5758
1797.49	49.2323
1799.73	48.7273
1801.97	49.4141
1804.21	47.697
1806.44	49.4343
1808.68	49.1515
1810.91	48.1212
1813.14	48.3636
1815.37	48.1616
1817.6	49.0707
1819.83	47.5354
1822.06	47.2323
1824.29	47.1111
1826.52	46.8889
1828.74	46.404
1830.97	47.5152
1833.19	47.3131
1835.41	46.7071
1837.63	46.5051
1839.85	46.6869
1842.07	46.0404
1844.29	46.0404
1846.51	47.1515
1848.72	46.3434
1850.94	45.9394
1853.15	45.8586
1855.37	47.0303
1857.58	46.7677
1859.79	45.6768
1862	46.0202
1864.21	46.3838
1866.42	45.6566
1868.62	45.798
1870.83	44.6263
1873.04	46.3232
1875.24	45.6162
1877.44	46.0404
1879.64	45.1919
1881.85	44.9293
1884.05	46.1818
1886.25	44.1818
1888.44	43.6566
1890.64	45.697
1892.84	45.4949
1895.03	45.5152
1897.23	46.202
1899.42	45.1717
1901.61	44.3232
1903.8	43.7576
1905.99	45.5757
1908.18	44.6465
1910.37	44.0404
1912.56	44.3232
1914.75	43.9192
1916.93	44.4242
1919.12	43.4747
1921.3	43.5758
1923.48	43.3737
1925.66	42.6061
1927.84	43.2323
1930.02	42.3232
1932.2	44.202
1934.38	43.3535
1936.56	43.2727
1938.73	43.1111
1940.91	43.7576
1943.08	43.5556
1945.25	43.4748
1947.42	43.9596
1949.59	43.2727
1951.76	42.5859
1953.93	43.2323
1956.1	42.5051
1958.27	42.2626
1960.43	43.3131
1962.6	43.1515
1964.76	42.2222
1966.92	42.8687
1969.09	42.6465
1971.25	42.3838
1973.41	42.5455
1975.57	41.4141
1977.72	42.1616
1979.88	41.9596
1982.04	43.0505
1984.19	42.0404
1986.35	41.8182
1988.5	42.2626
1990.65	42.0202
1992.8	42.9899
1994.95	42.0808
1997.1	41.7172
1999.25	42.0606
2001.4	40.6263
2003.55	41.899
2005.69	40.9899
2007.83	41.0101
2009.98	40.404
2012.12	40.9495
2014.26	41.6364
2016.4	41.1515
2018.54	41.1313
2020.68	41.7778
2022.82	41.7374
2024.96	41.3535
2027.09	41.5151
2029.23	41.5353
2031.36	40.8485
2033.49	40.8485
2035.63	40.8485
2037.76	40.6667
2039.89	41.1717
2042.02	40.6465
2044.14	40.8283
2046.27	40.2828
2048.4	40.0808
2050.52	38.7677
2052.65	40.7879
2054.77	40.0808
2056.89	39.9394
2059.01	39.8586
2061.13	39.6566
2063.25	39.8586
2065.37	40.1616
2067.49	39.697
2069.61	39.8586
2071.72	39.4747
2073.84	39.7778
2075.95	40.5455
2078.06	40.0202
2080.18	39.4141
2082.29	40.202
2084.4	39.9192
2086.51	39.4343
2088.62	40
2090.72	39.4343
2092.83	39.9192
2094.93	40.0404
2097.04	39.8788
2099.14	38.7475
2101.24	39.2323
2103.35	39.6566
2105.45	39.1717
2107.55	38.4848
2109.65	40.202
2111.74	38.9899
2113.84	38.6263
2115.94	40.0606
2118.03	38.8283
2120.13	38.9293
2122.22	39.899
2124.31	39.6162
2126.4	38.6465
2128.49	38.6465
2130.58	38.9091
2132.67	38.6667
2134.76	38.5252
2136.84	39.2121
2138.93	38.1616
2141.02	38.8283
2143.1	38.7273
2145.18	39.1313
2147.26	38.6061
2149.35	39.0505
2151.43	37.8586
2153.5	38.4243
2155.58	38.7879
2157.66	37.7778
2159.74	38.9495
2161.81	39.0909
2163.89	38.2424
2165.96	38.5253
2168.03	38.0808
2170.1	38.9697
2172.18	39.3737
2174.25	38.4646
2176.31	37.6364
2178.38	37.9798
2180.45	37.899
2182.52	37.5354
2184.58	37.798
2186.65	38.0606
2188.71	37.7778
2190.77	37.8384
2192.83	36.9899
2194.89	37.6364
2196.95	37.2121
2199.01	37.2727
2201.07	36.8485
2203.13	36.5051
2205.18	37.7374
2207.24	37.3535
2209.29	36.6263
2211.35	38.1212
2213.4	37.5152
2215.45	37.5758
2217.5	37.798
2219.55	36.7677
2221.6	36.8889
2223.65	36.6061
2225.7	37.2727
2227.74	37.3737
2229.79	37.5152
2231.83	37.4545
2233.87	36.6869
2235.92	36.4444
2237.96	36.4444
2240	36.9091
2242.04	36.3838
2244.08	37.0505
2246.11	36.5858
2248.15	36.0404
2250.19	37.0303
2252.22	37.0101
2254.26	36.7071
2256.29	37.596
2258.32	36.2828
2260.36	36.7273
2262.39	36.5657
2264.42	36.3838
2266.44	36.7677
2268.47	36.5252
2270.5	35.6768
2272.53	36.8687
2274.55	36.3636
2276.58	36.2222
2278.6	36.6263
2280.62	36.5252
2282.64	36.2222
2284.66	35.6162
2286.68	35.9798
2288.7	36.5051
2290.72	37.697
2292.74	37.2525
2294.75	36.7879
2296.77	35.3333
2298.78	37.4344
2300.8	36.4646
2302.81	36.7475
2304.82	36.0606
2306.83	36.1616
2308.84	36.9091
2310.85	36.2828
2312.86	35.6162
2314.87	36.0808
2316.87	35.697
2318.88	36.6465
2320.88	36.1212
2322.89	36.8485
2324.89	35.0909
2326.89	36.1212
2328.9	36.6667
2330.9	36.9899
2332.89	36.202
2334.89	36.2626
2336.89	35.798
2338.89	35.6162
2340.88	36.101
2342.88	35.8788
2344.87	36.0808
2346.87	35.7172
2348.86	35.4748
2350.85	35.2525
2352.84	35.2323
2354.83	35.1111
2356.82	35.5757
2358.81	35.4545
2360.79	35.5556
2362.78	35.4545
2364.76	36
2366.75	35.5757
2368.73	35.2929
2370.72	34.3838
2372.7	35.4949
2374.68	35.899
2376.66	36.0202
2378.64	35.7576
2380.62	35.6161
2382.59	35.7172
2384.57	36.1414
2386.54	36.1616
2388.52	36.2626
2390.49	36.6061
2392.47	36.7273
2394.44	35.4343
2396.41	35.2727
2398.38	35.8384
2400.35	35.8384
2402.32	36.3232
2404.29	36.2626
2406.25	36.404
2408.22	35.9596
2410.18	36.8081
2412.15	36
2414.11	37.0101
2416.07	35.9394
2418.04	36.2828
2420	36.404
2421.96	35.798
2423.92	35.8586
2425.87	35.596
2427.83	36.1818
2429.79	36.404
2431.74	35.9192
2433.7	36.4243
2435.65	36.4445
2437.61	35.9192
2439.56	36.8081
2441.51	36.1212
2443.46	36.6061
2445.41	36.6465
2447.36	37.3333
2449.31	36.2626
2451.25	37.1111
2453.2	36.0606
2455.15	36.4849
2457.09	37.0505
2459.03	36.6263
2460.98	36.6869
2462.92	35.9192
2464.86	36.3232
2466.8	37.5353
2468.74	36.7879
2470.68	37.1313
2472.61	36.2222
2474.55	37.0505
2476.49	36.9293
2478.42	37.1111
2480.36	37.0303
2482.29	36.8889
2484.22	36.3232
2486.15	36.8081
2488.08	36.8889
2490.01	36.3636
2491.94	36.0404
2493.87	37.4546
2495.8	35.899
2497.73	36.3838
2499.65	36.3434
2501.58	36.6061
2503.5	35.4545
2505.42	37.0707
2507.35	35.9596
2509.27	36.2828
2511.19	36.6667
2513.11	35.899
2515.03	36.8081
2516.95	36.0202
2518.86	35.9394
2520.78	36.4444
2522.7	35.6364
2524.61	36.6667
2526.52	36.1414
2528.44	35.9394
2530.35	35.6768
2532.26	35.697
2534.17	37.0505
2536.08	35.6364
2537.99	35.6364
2539.9	36.6263
2541.8	35.7576
2543.71	36
2545.62	35.5354
2547.52	35.4747
2549.43	35.8788
2551.33	35.5353
2553.23	36.0404
2555.13	36.0606
2557.03	35.3939
2558.93	36.8283
2560.83	35.6364
2562.73	36.3232
2564.63	35.596
2566.52	35.3131
2568.42	35.5555
2570.31	35.6364
2572.21	35.2525
2574.1	35.9596
2575.99	35.4545
2577.88	36.303
2579.77	35.4747
2581.66	35.4343
2583.55	36.2424
2585.44	35.0909
2587.33	36.0404
