3996.4467823711,0.0212662518
3994.5179953140,0.0213031434
3992.5892082568,0.0214115810
3990.6604211997,0.0214782655
3988.7316341426,0.0214524549
3986.8028470854,0.0214051902
3984.8740600283,0.0213961340
3982.9452729712,0.0214166939
3981.0164859141,0.0214284137
3979.0876988569,0.0214106012
3977.1589117998,0.0213980656
3975.2301247427,0.0214128047
3973.3013376855,0.0214220770
3971.3725506284,0.0214076638
3969.4437635713,0.0213881936
3967.5149765142,0.0213927347
3965.5861894570,0.0214078277
3963.6574023999,0.0213734284
3961.7286153428,0.0213008597
3959.7998282856,0.0212563016
3957.8710412285,0.0212544538
3955.9422541714,0.0212816671
3954.0134671143,0.0213035252
3952.0846800571,0.0213077664
3950.1558930000,0.0212944429
3948.2271059429,0.0212591290
3946.2983188857,0.0212684534
3944.3695318286,0.0213123336
3942.4407447715,0.0213161670
3940.5119577144,0.0213196743
3938.5831706572,0.0213299505
3936.6543836001,0.0213167928
3934.7255965430,0.0213198643
3932.7968094858,0.0213232636
3930.8680224287,0.0212884620
3928.9392353716,0.0212937910
3927.0104483145,0.0213586912
3925.0816612573,0.0213932525
3923.1528742002,0.0213562436
3921.2240871431,0.0212869123
3919.2953000859,0.0212367028
3917.3665130288,0.0212420858
3915.4377259717,0.0212893058
3913.5089389146,0.0213513505
3911.5801518574,0.0213964600
3909.6513648003,0.0214098394
3907.7225777432,0.0214062240
3905.7937906860,0.0213551838
3903.8650036289,0.0212283041
3901.9362165718,0.0211079828
3900.0074295147,0.0210752636
3898.0786424575,0.0211222488
3896.1498554004,0.0211717393
3894.2210683433,0.0211516004
3892.2922812861,0.0210700743
3890.3634942290,0.0210694764
3888.4347071719,0.0211668201
3886.5059201148,0.0212218333
3884.5771330576,0.0212242529
3882.6483460005,0.0212114509
3880.7195589434,0.0211494807
3878.7907718862,0.0211738870
3876.8619848291,0.0212569814
3874.9331977720,0.0212263186
3873.0044107148,0.0211342610
3871.0756236577,0.0210134499
3869.1468366006,0.0208533164
3867.2180495435,0.0208248012
3865.2892624863,0.0208732523
3863.3604754292,0.0209115222
3861.4316883721,0.0209949482
3859.5029013149,0.0210975744
3857.5741142578,0.0211132541
3855.6453272007,0.0209187474
3853.7165401436,0.0205512475
3851.7877530864,0.0205565952
3849.8589660293,0.0207889266
3847.9301789722,0.0209287163
3846.0013919150,0.0209468361
3844.0726048579,0.0208860710
3842.1438178008,0.0208126064
3840.2150307437,0.0207248721
3838.2862436865,0.0206560772
3836.3574566294,0.0207062196
3834.4286695723,0.0207544416
3832.4998825151,0.0207159128
3830.5710954580,0.0207087994
3828.6423084009,0.0208140723
3826.7135213438,0.0209776424
3824.7847342866,0.0210857261
3822.8559472295,0.0210008435
3820.9271601724,0.0207921583
3818.9983731152,0.0207500961
3817.0695860581,0.0207120571
3815.1407990010,0.0206571631
3813.2120119439,0.0207267720
3811.2832248867,0.0207900945
3809.3544378296,0.0207698923
3807.4256507725,0.0207003821
3805.4968637153,0.0207046177
3803.5680766582,0.0207388010
3801.6392896011,0.0206942745
3799.7105025440,0.0207142830
3797.7817154868,0.0207410008
3795.8529284297,0.0206737760
3793.9241413726,0.0206413362
3791.9953543154,0.0206550173
3790.0665672583,0.0206405763
3788.1377802012,0.0205909014
3786.2089931441,0.0205487777
3784.2802060869,0.0206041746
3782.3514190298,0.0207243022
3780.4226319727,0.0207637548
3778.4938449155,0.0207561515
3776.5650578584,0.0207964759
3774.6362708013,0.0208056271
3772.7074837441,0.0207010340
3770.7786966870,0.0205040257
3768.8499096299,0.0204094630
3766.9211225728,0.0204906203
3764.9923355156,0.0206029806
3763.0635484585,0.0206664465
3761.1347614014,0.0206109341
3759.2059743442,0.0204323083
3757.2771872871,0.0203140248
3755.3484002300,0.0203089789
3753.4196131729,0.0202899911
3751.4908261157,0.0201601684
3749.5620390586,0.0200890489
3747.6332520015,0.0201644264
3745.7044649443,0.0201702826
3743.7756778872,0.0201033652
3741.8468908301,0.0201488063
3739.9181037730,0.0202460811
3737.9893167158,0.0202758070
3736.0605296587,0.0201767646
3734.1317426016,0.0201428961
3732.2029555444,0.0202944949
3730.2741684873,0.0203819517
3728.3453814302,0.0203572381
3726.4165943731,0.0203351825
3724.4878073159,0.0203218367
3722.5590202588,0.0202502031
3720.6302332017,0.0202045050
3718.7014461445,0.0202258751
3716.7726590874,0.0202521551
3714.8438720303,0.0202671532
3712.9150849732,0.0202007089
3710.9862979160,0.0200324990
3709.0575108589,0.0199881513
3707.1287238018,0.0200557839
3705.1999367446,0.0200880729
3703.2711496875,0.0200346671
3701.3423626304,0.0200108662
3699.4135755733,0.0200809427
3697.4847885161,0.0201116875
3695.5560014590,0.0200845487
3693.6272144019,0.0200422574
3691.6984273447,0.0199534036
3689.7696402876,0.0198415369
3687.8408532305,0.0198337063
3685.9120661734,0.0198835935
3683.9832791162,0.0199431051
3682.0544920591,0.0200035758
3680.1257050020,0.0199894533
3678.1969179448,0.0198706947
3676.2681308877,0.0197497457
3674.3393438306,0.0197542422
3672.4105567735,0.0196962450
3670.4817697163,0.0195500012
3668.5529826592,0.0196798313
3666.6241956021,0.0199517235
3664.6954085449,0.0200825427
3662.7666214878,0.0201415680
3660.8378344307,0.0201979429
3658.9090473735,0.0201925468
3656.9802603164,0.0201526303
3655.0514732593,0.0202098209
3653.1226862022,0.0202896129
3651.1938991450,0.0202112310
3649.2651120879,0.0200369991
3647.3363250308,0.0201726146
3645.4075379736,0.0204358082
3643.4787509165,0.0205905754
3641.5499638594,0.0206567012
3639.6211768023,0.0207155589
3637.6923897451,0.0208138283
3635.7636026880,0.0209340677
3633.8348156309,0.0210386645
3631.9060285737,0.0210873019
3629.9772415166,0.0210576020
3628.0484544595,0.0210518148
3626.1196674024,0.0211327393
3624.1908803452,0.0212033503
3622.2620932881,0.0211962555
3620.3333062310,0.0211009700
3618.4045191738,0.0211112425
3616.4757321167,0.0212851465
3614.5469450596,0.0214037206
3612.6181580025,0.0214334447
3610.6893709453,0.0214625187
3608.7605838882,0.0215035342
3606.8317968311,0.0215939824
3604.9030097739,0.0217323191
3602.9742227168,0.0218185410
3601.0454356597,0.0218412988
3599.1166486026,0.0218692273
3597.1878615454,0.0218975395
3595.2590744883,0.0219164900
3593.3302874312,0.0219468474
3591.4015003740,0.0220052265
3589.4727133169,0.0220942013
3587.5439262598,0.0221720506
3585.6151392027,0.0222355835
3583.6863521455,0.0223408192
3581.7575650884,0.0225074459
3579.8287780313,0.0226792097
3577.8999909741,0.0227742679
3575.9712039170,0.0228105243
3574.0424168599,0.0228582155
3572.1136298028,0.0229690336
3570.1848427456,0.0231322162
3568.2560556885,0.0232695676
3566.3272686314,0.0233828127
3564.3984815742,0.0235479809
3562.4696945171,0.0237092469
3560.5409074600,0.0238268729
3558.6121204028,0.0239367615
3556.6833333457,0.0240896083
3554.7545462886,0.0243277550
3552.8257592315,0.0246245731
3550.8969721743,0.0248657800
3548.9681851172,0.0249838568
3547.0393980601,0.0250558648
3545.1106110029,0.0252431780
3543.1818239458,0.0255117975
3541.2530368887,0.0257299859
3539.3242498316,0.0259098429
3537.3954627744,0.0260586850
3535.4666757173,0.0261942167
3533.5378886602,0.0264126677
3531.6091016030,0.0266951397
3529.6803145459,0.0269221868
3527.7515274888,0.0270828120
3525.8227404317,0.0271931142
3523.8939533745,0.0272527281
3521.9651663174,0.0273799747
3520.0363792603,0.0276101381
3518.1075922031,0.0278516300
3516.1788051460,0.0280554518
3514.2500180889,0.0281969383
3512.3212310318,0.0282833222
3510.3924439746,0.0283869393
3508.4636569175,0.0285716057
3506.5348698604,0.0287773423
3504.6060828032,0.0288607143
3502.6772957461,0.0288302023
3500.7485086890,0.0289052855
3498.8197216319,0.0290973391
3496.8909345747,0.0292363428
3494.9621475176,0.0293268654
3493.0333604605,0.0294118132
3491.1045734033,0.0294563286
3489.1757863462,0.0295224320
3487.2469992891,0.0296759270
3485.3182122320,0.0298262332
3483.3894251748,0.0298853479
3481.4606381177,0.0299033467
3479.5318510606,0.0299531538
3477.6030640034,0.0300409142
3475.6742769463,0.0301383752
3473.7454898892,0.0302051101
3471.8167028321,0.0302337781
3469.8879157749,0.0302583948
3467.9591287178,0.0303132944
3466.0303416607,0.0303931870
3464.1015546035,0.0304685421
3462.1727675464,0.0305696540
3460.2439804893,0.0307115726
3458.3151934322,0.0307946242
3456.3864063750,0.0307757277
3454.4576193179,0.0307504982
3452.5288322608,0.0308015700
3450.6000452036,0.0309136566
3448.6712581465,0.0310113691
3446.7424710894,0.0310784057
3444.8136840322,0.0311489273
3442.8848969751,0.0312155113
3440.9561099180,0.0312765427
3439.0273228609,0.0313376077
3437.0985358037,0.0313884430
3435.1697487466,0.0314269029
3433.2409616895,0.0314609669
3431.3121746323,0.0315289609
3429.3833875752,0.0316492245
3427.4546005181,0.0317114852
3425.5258134610,0.0316628963
3423.5970264038,0.0316710845
3421.6682393467,0.0318032242
3419.7394522896,0.0319282748
3417.8106652324,0.0320011079
3415.8818781753,0.0320430174
3413.9530911182,0.0320612453
3412.0243040611,0.0320973098
3410.0955170039,0.0321719013
3408.1667299468,0.0322515778
3406.2379428897,0.0323042758
3404.3091558325,0.0323399715
3402.3803687754,0.0323987044
3400.4515817183,0.0324792899
3398.5227946612,0.0325171202
3396.5940076040,0.0325025544
3394.6652205469,0.0325151086
3392.7364334898,0.0325912498
3390.8076464326,0.0327037722
3388.8788593755,0.0328168236
3386.9500723184,0.0328477323
3385.0212852613,0.0327872336
3383.0924982041,0.0327896625
3381.1637111470,0.0328865983
3379.2349240899,0.0329386741
3377.3061370327,0.0329124257
3375.3773499756,0.0329145752
3373.4485629185,0.0329963453
3371.5197758614,0.0330610909
3369.5909888042,0.0330514237
3367.6622017471,0.0330274329
3365.7334146900,0.0330063179
3363.8046276328,0.0329940841
3361.8758405757,0.0330214538
3359.9470535186,0.0330508649
3358.0182664615,0.0330443867
3356.0894794043,0.0330426283
3354.1606923472,0.0330915675
3352.2319052901,0.0331760533
3350.3031182329,0.0332419686
3348.3743311758,0.0332495980
3346.4455441187,0.0332134105
3344.5167570615,0.0332120955
3342.5879700044,0.0332927778
3340.6591829473,0.0333888456
3338.7303958902,0.0333994702
3336.8016088330,0.0333024748
3334.8728217759,0.0332041346
3332.9440347188,0.0332099721
3331.0152476616,0.0332764275
3329.0864606045,0.0333136842
3327.1576735474,0.0333074778
3325.2288864903,0.0333061367
3323.3000994331,0.0333309844
3321.3713123760,0.0333449319
3319.4425253189,0.0333265401
3317.5137382617,0.0332958773
3315.5849512046,0.0332886688
3313.6561641475,0.0333127901
3311.7273770904,0.0333582088
3309.7985900332,0.0334185064
3307.8698029761,0.0334701724
3305.9410159190,0.0335134305
3304.0122288618,0.0335503705
3302.0834418047,0.0335542001
3300.1546547476,0.0335444398
3298.2258676905,0.0335530266
3296.2970806333,0.0335608833
3294.3682935762,0.0335510671
3292.4395065191,0.0335144922
3290.5107194619,0.0334443413
3288.5819324048,0.0333964489
3286.6531453477,0.0334253274
3284.7243582906,0.0334847979
3282.7955712334,0.0335079767
3280.8667841763,0.0334936045
3278.9379971192,0.0334784761
3277.0092100620,0.0334875099
3275.0804230049,0.0335093178
3273.1516359478,0.0335365832
3271.2228488907,0.0335860550
3269.2940618335,0.0336198956
3267.3652747764,0.0335980244
3265.4364877193,0.0335639045
3263.5077006621,0.0335481614
3261.5789136050,0.0335364416
3259.6501265479,0.0335476287
3257.7213394908,0.0336037576
3255.7925524336,0.0336493477
3253.8637653765,0.0336188041
3251.9349783194,0.0335641280
3250.0061912622,0.0335900821
3248.0774042051,0.0336649306
3246.1486171480,0.0336496830
3244.2198300909,0.0335559063
3242.2910430337,0.0335038677
3240.3622559766,0.0334959254
3238.4334689195,0.0335245579
3236.5046818623,0.0336181335
3234.5758948052,0.0337143876
3232.6471077481,0.0337363221
3230.7183206909,0.0336893238
3228.7895336338,0.0336012952
3226.8607465767,0.0335042849
3224.9319595196,0.0334711224
3223.0031724624,0.0335061327
3221.0743854053,0.0334920660
3219.1455983482,0.0333899371
3217.2168112910,0.0332915746
3215.2880242339,0.0332422219
3213.3592371768,0.0332283601
3211.4304501197,0.0332410187
3209.5016630625,0.0332694687
3207.5728760054,0.0332955979
3205.6440889483,0.0332676247
3203.7153018911,0.0331729501
3201.7865148340,0.0330742188
3199.8577277769,0.0330079906
3197.9289407198,0.0329793915
3196.0001536626,0.0329883285
3194.0713666055,0.0330187157
3192.1425795484,0.0330465920
3190.2137924912,0.0330356434
3188.2850054341,0.0329718255
3186.3562183770,0.0329075381
3184.4274313199,0.0328707360
3182.4986442627,0.0328285769
3180.5698572056,0.0327876806
3178.6410701485,0.0327511951
3176.7122830913,0.0326945633
3174.7834960342,0.0326348096
3172.8547089771,0.0325765461
3170.9259219200,0.0325230621
3168.9971348628,0.0325057097
3167.0683478057,0.0325159207
3165.1395607486,0.0325116515
3163.2107736914,0.0324812718
3161.2819866343,0.0324387327
3159.3531995772,0.0323717073
3157.4244125201,0.0323128104
3155.4956254629,0.0323666595
3153.5668384058,0.0324845910
3151.6380513487,0.0324838944
3149.7092642915,0.0323581547
3147.7804772344,0.0322294421
3145.8516901773,0.0321519412
3143.9229031202,0.0321602188
3141.9941160630,0.0322607495
3140.0653290059,0.0323442668
3138.1365419488,0.0322910324
3136.2077548916,0.0321414880
3134.2789678345,0.0320262127
3132.3501807774,0.0319812112
3130.4213937202,0.0319362953
3128.4926066631,0.0318457559
3126.5638196060,0.0317670181
3124.6350325489,0.0317606665
3122.7062454917,0.0318008848
3120.7774584346,0.0318257287
3118.8486713775,0.0318029448
3116.9198843203,0.0317653194
3114.9910972632,0.0317510590
3113.0623102061,0.0317509472
3111.1335231490,0.0317333490
3109.2047360918,0.0316520371
3107.2759490347,0.0315172412
3105.3471619776,0.0314241759
3103.4183749204,0.0314090624
3101.4895878633,0.0314107351
3099.5608008062,0.0313792080
3097.6320137491,0.0313226692
3095.7032266919,0.0312969610
3093.7744396348,0.0313317403
3091.8456525777,0.0313975997
3089.9168655205,0.0314535052
3087.9880784634,0.0314571820
3086.0592914063,0.0314266533
3084.1305043492,0.0314284340
3082.2017172920,0.0314530320
3080.2729302349,0.0314427353
3078.3441431778,0.0314012431
3076.4153561206,0.0313685760
3074.4865690635,0.0313377753
3072.5577820064,0.0313088410
3070.6289949493,0.0313038602
3068.7002078921,0.0312902853
3066.7714208350,0.0312445797
3064.8426337779,0.0311914254
3062.9138467207,0.0311500952
3060.9850596636,0.0311486777
3059.0562726065,0.0311833583
3057.1274855494,0.0311833303
3055.1986984922,0.0311251786
3053.2699114351,0.0310572721
3051.3411243780,0.0310192648
3049.4123373208,0.0310152341
3047.4835502637,0.0310075041
3045.5547632066,0.0309822336
3043.6259761495,0.0309511814
3041.6971890923,0.0308717154
3039.7684020352,0.0307426360
3037.8396149781,0.0306802914
3035.9108279209,0.0307406895
3033.9820408638,0.0308004040
3032.0532538067,0.0307395235
3030.1244667496,0.0305959564
3028.1956796924,0.0304927826
3026.2668926353,0.0304985307
3024.3381055782,0.0305498242
3022.4093185210,0.0305846520
3020.4805314639,0.0306513440
3018.5517444068,0.0307836756
3016.6229573496,0.0309379790
3014.6941702925,0.0310433991
3012.7653832354,0.0310498774
3010.8365961783,0.0309520997
3008.9078091211,0.0308178551
3006.9790220640,0.0307428017
3005.0502350069,0.0307436083
3003.1214479497,0.0307938736
3001.1926608926,0.0308839437
2999.2638738355,0.0309717525
2997.3350867784,0.0309955776
2995.4062997212,0.0309859868
2993.4775126641,0.0309840403
2991.5487256070,0.0308928378
2989.6199385498,0.0307137407
2987.6911514927,0.0306394547
2985.7623644356,0.0307325777
2983.8335773785,0.0309071243
2981.9047903213,0.0310980920
2979.9760032642,0.0312437452
2978.0472162071,0.0313489623
2976.1184291499,0.0314942524
2974.1896420928,0.0316547118
2972.2608550357,0.0317569077
2970.3320679786,0.0318588763
2968.4032809214,0.0320300311
2966.4744938643,0.0322263166
2964.5457068072,0.0323920958
2962.6169197500,0.0325141065
2960.6881326929,0.0326259919
2958.7593456358,0.0327982605
2956.8305585787,0.0330328234
2954.9017715215,0.0332846716
2952.9729844644,0.0335212015
2951.0441974073,0.0337089337
2949.1154103501,0.0338960141
2947.1866232930,0.0341519229
2945.2578362359,0.0344304256
2943.3290491788,0.0346481800
2941.4002621216,0.0347824357
2939.4714750645,0.0348759741
2937.5426880074,0.0349750035
2935.6139009502,0.0350719243
2933.6851138931,0.0351491868
2931.7563268360,0.0351802036
2929.8275397789,0.0350797810
2927.8987527217,0.0348197371
2925.9699656646,0.0345179178
2924.0411786075,0.0342867263
2922.1123915503,0.0341671854
2920.1836044932,0.0341748558
2918.2548174361,0.0342712626
2916.3260303789,0.0343674347
2914.3972433218,0.0343791209
2912.4684562647,0.0342802256
2910.5396692076,0.0340904295
2908.6108821504,0.0338615626
2906.6820950933,0.0336866379
2904.7533080362,0.0335817486
2902.8245209790,0.0334637426
2900.8957339219,0.0333193280
2898.9669468648,0.0332401544
2897.0381598077,0.0332504362
2895.1093727505,0.0332251750
2893.1805856934,0.0330971554
2891.2517986363,0.0329703987
2889.3230115791,0.0329204127
2887.3942245220,0.0329192393
2885.4654374649,0.0329338163
2883.5366504078,0.0329481959
2881.6078633506,0.0329675525
2879.6790762935,0.0329924077
2877.7502892364,0.0330355056
2875.8215021792,0.0331328027
2873.8927151221,0.0332055315
2871.9639280650,0.0331325233
2870.0351410079,0.0329635032
2868.1063539507,0.0328190289
2866.1775668936,0.0327109993
2864.2487798365,0.0326078273
2862.3199927793,0.0325390771
2860.3912057222,0.0325054303
2858.4624186651,0.0324104205
2856.5336316080,0.0322390869
2854.6048445508,0.0321222842
2852.6760574937,0.0321437195
2850.7472704366,0.0322823897
2848.8184833794,0.0324723423
2846.8896963223,0.0326081887
2844.9609092652,0.0326713137
2843.0321222081,0.0327903889
2841.1033351509,0.0330057591
2839.1745480938,0.0331411548
2837.2457610367,0.0330541059
2835.3169739795,0.0328320973
2833.3881869224,0.0325943492
2831.4593998653,0.0323330536
2829.5306128082,0.0320378914
2827.6018257510,0.0317544006
2825.6730386939,0.0315199979
2823.7442516368,0.0313269235
2821.8154645796,0.0311595239
2819.8866775225,0.0310206823
2817.9578904654,0.0308771897
2816.0291034083,0.0307005979
2814.1003163511,0.0305406321
2812.1715292940,0.0304589346
2810.2427422369,0.0304135662
2808.3139551797,0.0303143766
2806.3851681226,0.0301887654
2804.4563810655,0.0301084947
2802.5275940083,0.0300655756
2800.5988069512,0.0300522316
2798.6700198941,0.0300512053
2796.7412328370,0.0300023854
2794.8124457798,0.0299149379
2792.8836587227,0.0298716221
2790.9548716656,0.0298830755
2789.0260846084,0.0298625007
2787.0972975513,0.0297586136
2785.1685104942,0.0296155643
2783.2397234371,0.0295010693
2781.3109363799,0.0294374917
2779.3821493228,0.0294132810
2777.4533622657,0.0294277947
2775.5245752085,0.0294506773
2773.5957881514,0.0294015352
2771.6670010943,0.0292977598
2769.7382140372,0.0292482767
2767.8094269800,0.0292387512
2765.8806399229,0.0291962512
2763.9518528658,0.0291551389
2762.0230658086,0.0291474983
2760.0942787515,0.0291453674
2758.1654916944,0.0291425977
2756.2367046373,0.0291465297
2754.3079175801,0.0291583501
2752.3791305230,0.0291790031
2750.4503434659,0.0291829333
2748.5215564087,0.0291454494
2746.5927693516,0.0290899500
2744.6639822945,0.0290374719
2742.7351952374,0.0289844219
2740.8064081802,0.0289569441
2738.8776211231,0.0289775040
2736.9488340660,0.0289802700
2735.0200470088,0.0289011896
2733.0912599517,0.0288207140
2731.1624728946,0.0288362596
2729.2336858375,0.0289190635
2727.3048987803,0.0289927237
2725.3761117232,0.0290064216
2723.4473246661,0.0289734900
2721.5185376089,0.0289130043
2719.5897505518,0.0288147945
2717.6609634947,0.0287325084
2715.7321764376,0.0286939014
2713.8033893804,0.0286632348
2711.8746023233,0.0286493804
2709.9458152662,0.0286378227
2708.0170282090,0.0285919812
2706.0882411519,0.0285390951
2704.1594540948,0.0285093784
2702.2306670376,0.0284934286
2700.3018799805,0.0284793600
2698.3730929234,0.0284689106
2696.4443058663,0.0284641571
2694.5155188091,0.0284494814
2692.5867317520,0.0284046270
2690.6579446949,0.0283394661
2688.7291576377,0.0282974131
2686.8003705806,0.0283068344
2684.8715835235,0.0283515975
2682.9427964664,0.0284106787
2681.0140094092,0.0284633841
2679.0852223521,0.0284695756
2677.1564352950,0.0284207389
2675.2276482378,0.0283541121
2673.2988611807,0.0283061992
2671.3700741236,0.0283008385
2669.4412870665,0.0283294078
2667.5125000093,0.0283435285
2665.5837129522,0.0283193514
2663.6549258951,0.0282865558
2661.7261388379,0.0282837655
2659.7973517808,0.0283161178
2657.8685647237,0.0283481143
2655.9397776666,0.0283486675
2654.0109906094,0.0283270329
2652.0822035523,0.0282851178
2650.1534164952,0.0282202251
2648.2246294380,0.0281716660
2646.2958423809,0.0281544849
2644.3670553238,0.0281275287
2642.4382682667,0.0280780960
2640.5094812095,0.0280444343
2638.5806941524,0.0280289724
2636.6519070953,0.0279763192
2634.7231200381,0.0278783478
2632.7943329810,0.0277828276
2630.8655459239,0.0277030561
2628.9367588668,0.0276312698
2627.0079718096,0.0275654532
2625.0791847525,0.0275012180
2623.1503976954,0.0274511129
2621.2216106382,0.0274050925
2619.2928235811,0.0273294412
2617.3640365240,0.0272390023
2615.4352494669,0.0271762758
2613.5064624097,0.0271382220
2611.5776753526,0.0270764194
2609.6488882955,0.0269973818
2607.7201012383,0.0269406121
2605.7913141812,0.0268760026
2603.8625271241,0.0268039405
2601.9337400670,0.0267577413
2600.0049530098,0.0267033149
2598.0761659527,0.0266378876
2596.1473788956,0.0265936870
2594.2185918384,0.0265518855
2592.2898047813,0.0264973212
2590.3610177242,0.0264390223
2588.4322306670,0.0263879094
2586.5034436099,0.0263671149
2584.5746565528,0.0263543241
2582.6458694957,0.0262995921
2580.7170824385,0.0262367819
2578.7882953814,0.0262143984
2576.8595083243,0.0261730179
2574.9307212671,0.0260653384
2573.0019342100,0.0259703808
2571.0731471529,0.0259286389
2569.1443600958,0.0259065460
2567.2155730386,0.0259042382
2565.2867859815,0.0258722007
2563.3579989244,0.0257907175
2561.4292118672,0.0257102940
2559.5004248101,0.0256204121
2557.5716377530,0.0255344734
2555.6428506959,0.0254596416
2553.7140636387,0.0253461543
2551.7852765816,0.0252396129
2549.8564895245,0.0252140984
2547.9277024673,0.0252356883
2545.9989154102,0.0252412315
2544.0701283531,0.0252214782
2542.1413412960,0.0251917951
2540.2125542388,0.0251790397
2538.2837671817,0.0251948405
2536.3549801246,0.0251725670
2534.4261930674,0.0250881426
2532.4974060103,0.0250389986
2530.5686189532,0.0250347480
2528.6398318961,0.0249833073
2526.7110448389,0.0249133687
2524.7822577818,0.0249280911
2522.8534707247,0.0250028577
2520.9246836675,0.0250156093
2518.9958966104,0.0249573980
2517.0671095533,0.0249214005
2515.1383224962,0.0249056108
2513.2095354390,0.0248708781
2511.2807483819,0.0248468947
2509.3519613248,0.0248208009
2507.4231742676,0.0247608628
2505.4943872105,0.0247292109
2503.5656001534,0.0247637946
2501.6368130963,0.0247967355
2499.7080260391,0.0247711670
2497.7792389820,0.0247004386
2495.8504519249,0.0246373657
2493.9216648677,0.0246312302
2491.9928778106,0.0246844087
2490.0640907535,0.0247372668
2488.1353036963,0.0247188248
2486.2065166392,0.0246440247
2484.2777295821,0.0245859995
2482.3489425250,0.0245753173
2480.4201554678,0.0245787408
2478.4913684107,0.0245369412
2476.5625813536,0.0244724676
2474.6337942964,0.0244615693
2472.7050072393,0.0244810134
2470.7762201822,0.0244641155
2468.8474331251,0.0244190134
2466.9186460679,0.0243932195
2464.9898590108,0.0243982300
2463.0610719537,0.0244258307
2461.1322848965,0.0244806837
2459.2034978394,0.0245053880
2457.2747107823,0.0244467538
2455.3459237252,0.0243960675
2453.4171366680,0.0244236402
2451.4883496109,0.0244371407
2449.5595625538,0.0243514907
2447.6307754966,0.0242273454
2445.7019884395,0.0241720043
2443.7732013824,0.0241723061
2441.8444143253,0.0241366196
2439.9156272681,0.0240618102
2437.9868402110,0.0240028799
2436.0580531539,0.0239800923
2434.1292660967,0.0239962321
2432.2004790396,0.0240155738
2430.2716919825,0.0239764526
2428.3429049254,0.0239029005
2426.4141178682,0.0238654595
2424.4853308111,0.0238404367
2422.5565437540,0.0237928554
2420.6277566968,0.0237621497
2418.6989696397,0.0237649120
2416.7701825826,0.0237954818
2414.8413955255,0.0238171387
2412.9126084683,0.0237798952
2410.9838214112,0.0237341523
2409.0550343541,0.0237050094
2407.1262472969,0.0236562416
2405.1974602398,0.0236450061
2403.2686731827,0.0236898102
2401.3398861256,0.0236920509
2399.4110990684,0.0236524418
2397.4823120113,0.0236705374
2395.5535249542,0.0237459633
2393.6247378970,0.0237937588
2391.6959508399,0.0237709824
2389.7671637828,0.0237248037
2387.8383767257,0.0237314459
2385.9095896685,0.0237852279
2383.9808026114,0.0238412302
2382.0520155543,0.0238988809
2380.1232284971,0.0239285845
2378.1944414400,0.0238671824
2376.2656543829,0.0237702709
2374.3368673257,0.0237377901
2372.4080802686,0.0236726981
2370.4792932115,0.0234478340
2368.5505061544,0.0231425632
2366.6217190972,0.0229055025
2364.6929320401,0.0228257477
2362.7641449830,0.0228696205
2360.8353579258,0.0229770578
2358.9065708687,0.0231386870
2356.9777838116,0.0233770758
2355.0489967545,0.0237427372
2353.1202096973,0.0241382346
2351.1914226402,0.0243944786
2349.2626355831,0.0244793966
2347.3338485259,0.0244415235
2345.4050614688,0.0242969561
2343.4762744117,0.0240989402
2341.5474873546,0.0240174327
2339.6187002974,0.0240225494
2337.6899132403,0.0239790510
2335.7611261832,0.0240110047
2333.8323391260,0.0241593886
2331.9035520689,0.0242260322
2329.9747650118,0.0242362972
2328.0459779547,0.0244428646
2326.1171908975,0.0248499084
2324.1884038404,0.0251880102
2322.2596167833,0.0252263620
2320.3308297261,0.0249929596
2318.4020426690,0.0246942453
2316.4732556119,0.0244778097
2314.5444685548,0.0243476853
2312.6156814976,0.0242185052
2310.6868944405,0.0240815096
2308.7581073834,0.0240212362
2306.8293203262,0.0240098275
2304.9005332691,0.0239307452
2302.9717462120,0.0237909425
2301.0429591549,0.0236901380
2299.1141720977,0.0236637592
2297.1853850406,0.0236967802
2295.2565979835,0.0237691496
2293.3278109263,0.0238285679
2291.3990238692,0.0238419957
2289.4702368121,0.0238466989
2287.5414497550,0.0238616318
2285.6126626978,0.0237899311
2283.6838756407,0.0235705264
2281.7550885836,0.0233054552
2279.8263015264,0.0230858866
2277.8975144693,0.0229373761
2275.9687274122,0.0228626095
2274.0399403550,0.0227928180
2272.1111532979,0.0227180216
2270.1823662408,0.0226885919
2268.2535791837,0.0226222109
2266.3247921265,0.0224615652
2264.3960050694,0.0223331079
2262.4672180123,0.0222937036
2260.5384309551,0.0222731568
2258.6096438980,0.0222301614
2256.6808568409,0.0221460368
2254.7520697838,0.0220471118
2252.8232827266,0.0219994821
2250.8944956695,0.0220506508
2248.9657086124,0.0221742298
2247.0369215552,0.0222317688
2245.1081344981,0.0221634153
2243.1793474410,0.0220923759
2241.2505603839,0.0220810454
2239.3217733267,0.0220620092
2237.3929862696,0.0220160931
2235.4641992125,0.0219373982
2233.5354121553,0.0218083616
2231.6066250982,0.0216964241
2229.6778380411,0.0216612127
2227.7490509840,0.0217004251
2225.8202639268,0.0217848718
2223.8914768697,0.0218482669
2221.9626898126,0.0218662880
2220.0339027554,0.0218481030
2218.1051156983,0.0217723250
2216.1763286412,0.0216861106
2214.2475415841,0.0216767769
2212.3187545269,0.0217309576
2210.3899674698,0.0217619278
2208.4611804127,0.0217017569
2206.5323933555,0.0215884596
2204.6036062984,0.0215266552
2202.6748192413,0.0215530954
2200.7460321842,0.0216296501
2198.8172451270,0.0216900557
2196.8884580699,0.0217123162
2194.9596710128,0.0217113905
2193.0308839556,0.0216990095
2191.1020968985,0.0217230115
2189.1733098414,0.0217498168
2187.2445227843,0.0216856748
2185.3157357271,0.0215308163
2183.3869486700,0.0212427638
2181.4581616129,0.0209412407
2179.5293745557,0.0209702253
2177.6005874986,0.0211356468
2175.6718004415,0.0209358893
2173.7430133844,0.0205937512
2171.8142263272,0.0206812974
2169.8854392701,0.0211555678
2167.9566522130,0.0215346236
2166.0278651558,0.0216286443
2164.0990780987,0.0216254070
2162.1702910416,0.0213700030
2160.2415039844,0.0202580132
2158.3127169273,0.0186563767
2156.3839298702,0.0178939383
2154.4551428131,0.0181547832
2152.5263557559,0.0188202150
2150.5975686988,0.0194379669
2148.6687816417,0.0197138526
2146.7399945845,0.0197247155
2144.8112075274,0.0197396949
2142.8824204703,0.0198182892
2140.9536334132,0.0199099071
2139.0248463560,0.0200153664
2137.0960592989,0.0200794786
2135.1672722418,0.0199827850
2133.2384851846,0.0198418349
2131.3096981275,0.0198849477
2129.3809110704,0.0201267079
2127.4521240133,0.0204549637
2125.5233369561,0.0207208805
2123.5945498990,0.0208667871
2121.6657628419,0.0210000835
2119.7369757847,0.0212233830
2117.8081887276,0.0215244517
2115.8794016705,0.0217588805
2113.9506146134,0.0217778496
2112.0218275562,0.0216227137
2110.0930404991,0.0214919746
2108.1642534420,0.0215028003
2106.2354663848,0.0215625074
2104.3066793277,0.0215962678
2102.3778922706,0.0216499213
2100.4491052135,0.0216723960
2098.5203181563,0.0215582084
2096.5915310992,0.0213085003
2094.6627440421,0.0210695304
2092.7339569849,0.0210453756
2090.8051699278,0.0211954955
2088.8763828707,0.0212781597
2086.9475958136,0.0213061608
2085.0188087564,0.0214640964
2083.0900216993,0.0216273386
2081.1612346422,0.0215873998
2079.2324475850,0.0214597713
2077.3036605279,0.0213958360
2075.3748734708,0.0213741083
2073.4460864137,0.0213537700
2071.5172993565,0.0212906655
2069.5885122994,0.0211879108
2067.6597252423,0.0211502966
2065.7309381851,0.0211617108
2063.8021511280,0.0210511629
2061.8733640709,0.0208522845
2059.9445770137,0.0207666866
2058.0157899566,0.0208070390
2056.0870028995,0.0208334643
2054.1582158424,0.0209317598
2052.2294287852,0.0212562755
2050.3006417281,0.0214008112
2048.3718546710,0.0209484380
2046.4430676138,0.0203087088
2044.5142805567,0.0199291483
2042.5854934996,0.0198414288
2040.6567064425,0.0200177785
2038.7279193853,0.0202234350
2036.7991323282,0.0202498231
2034.8703452711,0.0201146696
2032.9415582139,0.0198505335
2031.0127711568,0.0195654090
2029.0839840997,0.0193269365
2027.1551970426,0.0190935452
2025.2264099854,0.0189725701
2023.2976229283,0.0189650264
2021.3688358712,0.0188898034
2019.4400488140,0.0188632272
2017.5112617569,0.0190486722
2015.5824746998,0.0192454811
2013.6536876427,0.0193348117
2011.7249005855,0.0194165818
2009.7961135284,0.0194428135
2007.8673264713,0.0193386283
2005.9385394141,0.0192282181
2004.0097523570,0.0191996470
2002.0809652999,0.0191946682
2000.1521782428,0.0193051510
1998.2233911856,0.0196264759
1996.2946041285,0.0199297722
1994.3658170714,0.0200610440
1992.4370300142,0.0201263297
1990.5082429571,0.0201279558
1988.5794559000,0.0201003551
1986.6506688429,0.0201676805
1984.7218817857,0.0203065109
1982.7930947286,0.0205494016
1980.8643076715,0.0207708962
1978.9355206143,0.0204469059
1977.0067335572,0.0195784606
1975.0779465001,0.0189247355
1973.1491594430,0.0188357327
1971.2203723858,0.0190054011
1969.2915853287,0.0190356635
1967.3627982716,0.0189356599
1965.4340112144,0.0190340951
1963.5052241573,0.0192553308
1961.5764371002,0.0192740560
1959.6476500430,0.0191781912
1957.7188629859,0.0191966705
1955.7900759288,0.0192836355
1953.8612888717,0.0193706192
1951.9325018145,0.0194995310
1950.0037147574,0.0196359009
1948.0749277003,0.0196635798
1946.1461406431,0.0195961446
1944.2173535860,0.0195443146
1942.2885665289,0.0195580963
1940.3597794718,0.0196104161
1938.4309924146,0.0196611974
1936.5022053575,0.0197172649
1934.5734183004,0.0197436232
1932.6446312432,0.0197113883
1930.7158441861,0.0196599513
1928.7870571290,0.0196109843
1926.8582700719,0.0195972268
1924.9294830147,0.0196471401
1923.0006959576,0.0197685733
1921.0719089005,0.0199166536
1919.1431218433,0.0200289469
1917.2143347862,0.0201209337
1915.2855477291,0.0201541483
1913.3567606720,0.0200859848
1911.4279736148,0.0199985597
1909.4991865577,0.0199821610
1907.5703995006,0.0200403053
1905.6416124434,0.0201352499
1903.7128253863,0.0201930609
1901.7840383292,0.0201667305
1899.8552512721,0.0201257877
1897.9264642149,0.0201274417
1895.9976771578,0.0201470181
1894.0688901007,0.0201482382
1892.1401030435,0.0201151855
1890.2113159864,0.0200937670
1888.2825289293,0.0201356020
1886.3537418722,0.0201847907
1884.4249548150,0.0201979429
1882.4961677579,0.0202052649
1880.5673807008,0.0202358551
1878.6385936436,0.0203105789
1876.7098065865,0.0203916114
1874.7810195294,0.0204000212
1872.8522324723,0.0203177687
1870.9234454151,0.0201652665
1868.9946583580,0.0200689603
1867.0658713009,0.0201718286
1865.1370842437,0.0203054808
1863.2082971866,0.0203340985
1861.2795101295,0.0202988610
1859.3507230724,0.0202591531
1857.4219360152,0.0202231910
1855.4931489581,0.0201989468
1853.5643619010,0.0202157050
1851.6355748438,0.0202282071
1849.7067877867,0.0201896708
1847.7780007296,0.0201402381
1845.8492136724,0.0200896189
1843.9204266153,0.0200740844
1841.9916395582,0.0201518163
1840.0628525011,0.0202143490
1838.1340654439,0.0201843847
1836.2052783868,0.0201141015
1834.2764913297,0.0200612340
1832.3477042725,0.0199790988
1830.4189172154,0.0198956523
1828.4901301583,0.0199504495
1826.5613431012,0.0200546198
1824.6325560440,0.0201131254
1822.7037689869,0.0201567784
1820.7749819298,0.0201399941
1818.8461948726,0.0200413633
1816.9174078155,0.0199695844
1814.9886207584,0.0200171825
1813.0598337013,0.0201186836
1811.1310466441,0.0201782007
1809.2022595870,0.0201965589
1807.2734725299,0.0202211570
1805.3446854727,0.0202420130
1803.4158984156,0.0202225391
1801.4871113585,0.0202181470
1799.5583243014,0.0202982649
1797.6295372442,0.0203702860
1795.7007501871,0.0203491542
1793.7719631300,0.0202854890
1791.8431760728,0.0203348845
1789.9143890157,0.0205092374
1787.9856019586,0.0206355266
1786.0568149015,0.0206872970
1784.1280278443,0.0207299497
1782.1992407872,0.0208114125
1780.2704537301,0.0209289081
1778.3416666729,0.0210271701
1776.4128796158,0.0210504569
1774.4840925587,0.0209912267
1772.5553055016,0.0209669117
1770.6265184444,0.0211521443
1768.6977313873,0.0214109272
1766.7689443302,0.0215864200
1764.8401572730,0.0216433648
1762.9113702159,0.0216337331
1760.9825831588,0.0216636620
1759.0537961017,0.0217179768
1757.1250090445,0.0217742305
1755.1962219874,0.0218558609
1753.2674349303,0.0218837112
1751.3386478731,0.0218559168
1749.4098608160,0.0219369642
1747.4810737589,0.0221578591
1745.5522867017,0.0223602783
1743.6234996446,0.0224881992
1741.6947125875,0.0225946419
1739.7659255304,0.0227595381
1737.8371384732,0.0229264330
1735.9083514161,0.0230196360
1733.9795643590,0.0232302956
1732.0507773018,0.0236318596
1730.1219902447,0.0239605866
1728.1932031876,0.0242293440
1726.2644161305,0.0244669914
1724.3356290733,0.0247061104
1722.4068420162,0.0249470901
1720.4780549591,0.0251018275
1718.5492679019,0.0252060611
1716.6204808448,0.0255426820
1714.6916937877,0.0260542333
1712.7629067306,0.0264390763
1710.8341196734,0.0267285313
1708.9053326163,0.0269687343
1706.9765455592,0.0272102281
1705.0477585020,0.0275207441
1703.1189714449,0.0277739968
1701.1901843878,0.0279317349
1699.2613973307,0.0281887632
1697.3326102735,0.0285209324
1695.4038232164,0.0288705360
1693.4750361593,0.0291837640
1691.5462491021,0.0293709841
1689.6174620450,0.0294662174
1687.6886749879,0.0295016244
1685.7598879308,0.0294671319
1683.8311008736,0.0295220446
1681.9023138165,0.0297837034
1679.9735267594,0.0300054364
1678.0447397022,0.0301286653
1676.1159526451,0.0301590469
1674.1871655880,0.0301693697
1672.2583785309,0.0302149616
1670.3295914737,0.0302752126
1668.4008044166,0.0304266140
1666.4720173595,0.0305986218
1664.5432303023,0.0306632612
1662.6144432452,0.0306936819
1660.6856561881,0.0308518428
1658.7568691310,0.0310461223
1656.8280820738,0.0311265960
1654.8992950167,0.0309895724
1652.9705079596,0.0307170190
1651.0417209024,0.0307799522
1649.1129338453,0.0308169108
1647.1841467882,0.0306889303
1645.2553597311,0.0307241026
1643.3265726739,0.0308911428
1641.3977856168,0.0309913531
1639.4689985597,0.0310035851
1637.5402115025,0.0309239682
1635.6114244454,0.0309241079
1633.6826373883,0.0311915353
1631.7538503311,0.0314553715
1629.8250632740,0.0316615030
1627.8962762169,0.0319237038
1625.9674891598,0.0322959945
1624.0387021026,0.0328072198
1622.1099150455,0.0335141271
1620.1811279884,0.0342510119
1618.2523409312,0.0351050943
1616.3235538741,0.0365173593
1614.3947668170,0.0381155163
1612.4659797599,0.0394873247
1610.5371927027,0.0408469029
1608.6084056456,0.0422408469
1606.6796185885,0.0435791463
1604.7508315313,0.0448171645
1602.8220444742,0.0459664240
1600.8932574171,0.0470346063
1598.9644703600,0.0479939580
1597.0356833028,0.0488290079
1595.1068962457,0.0495231636
1593.1781091886,0.0499979220
1591.2493221314,0.0501731560
1589.3205350743,0.0500376858
1587.3917480172,0.0496127605
1585.4629609601,0.0489065871
1583.5341739029,0.0479472429
1581.6053868458,0.0468348004
1579.6765997887,0.0457053594
1577.7478127315,0.0443231724
1575.8190256744,0.0424739718
1573.8902386173,0.0412204936
1571.9614515602,0.0404700227
1570.0326645030,0.0394176468
1568.1038774459,0.0382995568
1566.1750903888,0.0375461280
1564.2463033316,0.0368927941
1562.3175162745,0.0363137498
1560.3887292174,0.0355007425
1558.4599421603,0.0339528881
1556.5311551031,0.0332699418
1554.6023680460,0.0330392458
1552.6735809889,0.0326562971
1550.7447939317,0.0321034975
1548.8160068746,0.0314830653
1546.8872198175,0.0309560187
1544.9584327604,0.0303761978
1543.0296457032,0.0296338275
1541.1008586461,0.0287893731
1539.1720715890,0.0284182783
1537.2432845318,0.0285975654
1535.3144974747,0.0288616829
1533.3857104176,0.0294061061
1531.4569233604,0.0303776693
1529.5281363033,0.0316361114
1527.5993492462,0.0335413925
1525.6705621891,0.0362698510
1523.7417751319,0.0395349823
1521.8129880748,0.0446389727
1519.8842010177,0.0509222001
1517.9554139605,0.0564802065
1516.0266269034,0.0618514717
1514.0978398463,0.0656769723
1512.1690527892,0.0675419569
1510.2402657320,0.0681605116
1508.3114786749,0.0670732856
1506.3826916178,0.0634714440
1504.4539045606,0.0612800159
1502.5251175035,0.0603467822
1500.5963304464,0.0591810159
1498.6675433893,0.0575209893
1496.7387563321,0.0556571372
1494.8099692750,0.0543644652
1492.8811822179,0.0536127165
1490.9523951607,0.0526048578
1489.0236081036,0.0509787574
1487.0948210465,0.0496345833
1485.1660339894,0.0488142632
1483.2372469322,0.0480957069
1481.3084598751,0.0473717563
1479.3796728180,0.0468513221
1477.4508857608,0.0466456935
1475.5220987037,0.0467486270
1473.5933116466,0.0475716367
1471.6645245895,0.0495477058
1469.7357375323,0.0518407449
1467.8069504752,0.0540255979
1465.8781634181,0.0563190952
1463.9493763609,0.0583643019
1462.0205893038,0.0595030300
1460.0918022467,0.0598667599
1458.1630151896,0.0596263371
1456.2342281324,0.0595301352
1454.3054410753,0.0602445938
1452.3766540182,0.0610334203
1450.4478669610,0.0614018627
1448.5190799039,0.0608874932
1446.5902928468,0.0594736412
1444.6615057897,0.0578143597
1442.7327187325,0.0562723279
1440.8039316754,0.0551264212
1438.8751446183,0.0545648597
1436.9463575611,0.0546029024
1435.0175705040,0.0553105287
1433.0887834469,0.0563495681
1431.1599963898,0.0575030819
1429.2312093326,0.0586448535
1427.3024222755,0.0595055521
1425.3736352184,0.0599986427
1423.4448481612,0.0602291897
1421.5160611041,0.0602552965
1419.5872740470,0.0598437637
1417.6584869898,0.0590133220
1415.7296999327,0.0582914390
1413.8009128756,0.0575472303
1411.8721258185,0.0565683655
1409.9433387613,0.0555114783
1408.0145517042,0.0545715503
1406.0857646471,0.0536736101
1404.1569775899,0.0528281480
1402.2281905328,0.0522661023
1400.2994034757,0.0518800057
1398.3706164186,0.0515194908
1396.4418293614,0.0512529723
1394.5130423043,0.0511105582
1392.5842552472,0.0511337668
1390.6554681900,0.0512841418
1388.7266811329,0.0514427572
1386.7978940758,0.0516134128
1384.8691070187,0.0518968105
1382.9403199615,0.0522719137
1381.0115329044,0.0526566654
1379.0827458473,0.0530124828
1377.1539587901,0.0533251539
1375.2251717330,0.0535686426
1373.2963846759,0.0537843443
1371.3675976188,0.0540091246
1369.4388105616,0.0541584753
1367.5100235045,0.0541974492
1365.5812364474,0.0541681200
1363.6524493902,0.0540076867
1361.7236623331,0.0537177250
1359.7948752760,0.0534779876
1357.8660882189,0.0532492697
1355.9373011617,0.0529340506
1354.0085141046,0.0525809266
1352.0797270475,0.0522378124
1350.1509399903,0.0519110449
1348.2221529332,0.0516358875
1346.2933658761,0.0514133237
1344.3645788190,0.0512108244
1342.4357917618,0.0510203540
1340.5070047047,0.0508222282
1338.5782176476,0.0506548248
1336.6494305904,0.0505840555
1334.7206435333,0.0505540743
1332.7918564762,0.0505247302
1330.8630694191,0.0505116172
1328.9342823619,0.0504867546
1327.0054953048,0.0504141822
1325.0767082477,0.0503332838
1323.1479211905,0.0502990745
1321.2191341334,0.0503103510
1319.2903470763,0.0503492691
1317.3615600191,0.0504004620
1315.4327729620,0.0504547693
1313.5039859049,0.0505282506
1311.5751988478,0.0506538637
1309.6464117906,0.0508673936
1307.7176247335,0.0511933491
1305.7888376764,0.0516593270
1303.8600506192,0.0522853173
1301.9312635621,0.0530609749
1300.0024765050,0.0539920926
1298.0736894479,0.0551184006
1296.1449023907,0.0564177707
1294.2161153336,0.0577923618
1292.2873282765,0.0592051037
1290.3585412193,0.0607247353
1288.4297541622,0.0624399334
1286.5009671051,0.0643780679
1284.5721800480,0.0665066242
1282.6433929908,0.0687710866
1280.7146059337,0.0711167753
1278.7858188766,0.0734958053
1276.8570318194,0.0758298635
1274.9282447623,0.0780162439
1272.9994577052,0.0799847990
1271.0706706481,0.0816954076
1269.1418835909,0.0830863118
1267.2130965338,0.0841000602
1265.2843094767,0.0847110152
1263.3555224195,0.0848826692
1261.4267353624,0.0846190006
1259.4979483053,0.0839923099
1257.5691612482,0.0830886960
1255.6403741910,0.0819865391
1253.7115871339,0.0807549655
1251.7828000768,0.0794883296
1249.8540130196,0.0783093199
1247.9252259625,0.0773148015
1245.9964389054,0.0765760243
1244.0676518483,0.0761470720
1242.1388647911,0.0760136470
1240.2100777340,0.0761289895
1238.2812906769,0.0764616951
1236.3525036197,0.0769525468
1234.4237165626,0.0775525942
1232.4949295055,0.0782544538
1230.5661424484,0.0790437609
1228.6373553912,0.0798826069
1226.7085683341,0.0807358548
1224.7797812770,0.0815821066
1222.8509942198,0.0823949873
1220.9222071627,0.0831459388
1218.9934201056,0.0838050544
1217.0646330485,0.0843471587
1215.1358459913,0.0847531706
1213.2070589342,0.0849922076
1211.2782718771,0.0850448832
1209.3494848199,0.0848988742
1207.4206977628,0.0845184848
1205.4919107057,0.0838600025
1203.5631236485,0.0829193816
1201.6343365914,0.0817589313
1199.7055495343,0.0804846957
1197.7767624772,0.0791996494
1195.8479754200,0.0779754743
1193.9191883629,0.0768763125
1191.9904013058,0.0759347379
1190.0616142486,0.0750935078
1188.1328271915,0.0742399246
1186.2040401344,0.0732596442
1184.2752530773,0.0720990151
1182.3464660201,0.0708483458
1180.4176789630,0.0696872696
1178.4888919059,0.0687290207
1176.5601048487,0.0680065379
1174.6313177916,0.0675670877
1172.7025307345,0.0674503073
1170.7737436774,0.0676285774
1168.8449566202,0.0680665448
1166.9161695631,0.0688011423
1164.9873825060,0.0699272454
1163.0585954488,0.0714622289
1161.1298083917,0.0732543394
1159.2010213346,0.0750819370
1157.2722342775,0.0767855123
1155.3434472203,0.0782962963
1153.4146601632,0.0795863196
1151.4858731061,0.0806062222
1149.5570860489,0.0813556165
1147.6282989918,0.0819682181
1145.6995119347,0.0825723335
1143.7707248776,0.0831728354
1141.8419378204,0.0837111026
1139.9131507633,0.0841087252
1137.9843637062,0.0843118578
1136.0555766490,0.0843614638
1134.1267895919,0.0844050348
1132.1980025348,0.0846311748
1130.2692154777,0.0851269066
1128.3404284205,0.0857800543
1126.4116413634,0.0863241553
1124.4828543063,0.0864559561
1122.5540672491,0.0859792680
1120.6252801920,0.0848703906
1118.6964931349,0.0832181349
1116.7677060778,0.0811954290
1114.8389190206,0.0790685415
1112.9101319635,0.0771057084
1110.9813449064,0.0754445717
1109.0525578492,0.0741092041
1107.1237707921,0.0730848610
1105.1949837350,0.0723378211
1103.2661966778,0.0718407035
1101.3374096207,0.0715961829
1099.4086225636,0.0716449991
1097.4798355065,0.0719714761
1095.5510484493,0.0724479109
1093.6222613922,0.0730087534
1091.6934743351,0.0736998916
1089.7646872779,0.0744833276
1087.8359002208,0.0752291754
1085.9071131637,0.0758803859
1083.9783261066,0.0764311999
1082.0495390494,0.0768286735
1080.1207519923,0.0770206377
1078.1919649352,0.0770019665
1076.2631778780,0.0767693892
1074.3343908209,0.0762984008
1072.4056037638,0.0756211057
1070.4768167067,0.0748605356
1068.5480296495,0.0741120949
1066.6192425924,0.0733958706
1064.6904555353,0.0727816373
1062.7616684781,0.0724018589
1060.8328814210,0.0723248869
1058.9040943639,0.0725578517
1056.9753073068,0.0730733722
1055.0465202496,0.0738038570
1053.1177331925,0.0747059807
1051.1889461354,0.0757525936
1049.2601590782,0.0768571272
1047.3313720211,0.0778974220
1045.4025849640,0.0789123029
1043.4737979069,0.0801471546
1041.5450108497,0.0818250254
1039.6162237926,0.0840189755
1037.6874367355,0.0866360739
1035.7586496783,0.0894552916
1033.8298626212,0.0921319202
1031.9010755641,0.0941856280
1029.9722885070,0.0952724740
1028.0435014498,0.0953621045
1026.1147143927,0.0945463330
1024.1859273356,0.0929927975
1022.2571402784,0.0910148025
1020.3283532213,0.0888903216
1018.3995661642,0.0867448896
1016.4707791071,0.0846401379
1014.5419920499,0.0826080889
1012.6132049928,0.0806644112
1010.6844179357,0.0788109526
1008.7556308785,0.0770356879
1006.8268438214,0.0753593072
1004.8980567643,0.0737883002
1002.9692697071,0.0722734332
1001.0404826500,0.0708310381
999.1116955929,0.0695627779
997.1829085358,0.0684501305
995.2541214786,0.0673197061
993.3253344215,0.0661041662
991.3965473644,0.0649239793
989.4677603072,0.0638719201
987.5389732501,0.0629336163
985.6101861930,0.0621069856
983.6813991359,0.0614548810
981.7526120787,0.0610196851
979.8238250216,0.0607450716
977.8950379645,0.0605785884
975.9662509073,0.0605523400
974.0374638502,0.0606664196
972.1086767931,0.0608741529
970.1798897360,0.0611325800
968.2511026788,0.0613394305
966.3223156217,0.0613967925
964.3935285646,0.0613091998
962.4647415074,0.0610886887
960.5359544503,0.0607027970
958.6071673932,0.0601718314
956.6783803361,0.0595678426
954.7495932789,0.0589223541
952.8208062218,0.0582652986
950.8920191647,0.0576622114
948.9632321075,0.0571684614
947.0344450504,0.0568124093
945.1056579933,0.0565572493
943.1768709362,0.0563286133
941.2480838790,0.0561158843
939.3192968219,0.0559425689
937.3905097648,0.0557935759
935.4617227076,0.0556428656
933.5329356505,0.0554896817
931.6041485934,0.0553534254
929.6753615362,0.0552589595
927.7465744791,0.0551824719
925.8177874220,0.0550775193
923.8890003649,0.0549464785
921.9602133077,0.0547648780
920.0314262506,0.0544884354
918.1026391935,0.0541238450
916.1738521363,0.0536695085
914.2450650792,0.0531420931
912.3162780221,0.0526079535
910.3874909650,0.0521078594
908.4587039078,0.0516664125
906.5299168507,0.0513273999
904.6011297936,0.0511001907
902.6723427364,0.0509344824
900.7435556793,0.0507708713
898.8147686222,0.0506258532
896.8859815651,0.0505884476
894.9571945079,0.0506709963
893.0284074508,0.0507880971
891.0996203937,0.0508992635
889.1708333365,0.0510430075
887.2420462794,0.0512817502
885.3132592223,0.0516581349
883.3844721652,0.0521240868
881.4556851080,0.0525658503
879.5268980509,0.0529675595
877.5981109938,0.0533791557
875.6693239366,0.0538130589
873.7405368795,0.0543209575
871.8117498224,0.0549445972
869.8829627653,0.0556415990
867.9541757081,0.0563712008
866.0253886510,0.0571214817
864.0966015939,0.0578981154
862.1678145367,0.0586890317
860.2390274796,0.0594409592
858.3102404225,0.0601214059
856.3814533653,0.0606967546
854.4526663082,0.0610840693
852.5238792511,0.0612215362
850.5950921940,0.0610976852
848.6663051368,0.0607221462
846.7375180797,0.0601414442
844.8087310226,0.0594466291
842.8799439654,0.0587461628
840.9511569083,0.0581396557
839.0223698512,0.0577215739
837.0935827941,0.0575575754
835.1647957369,0.0576426722
833.2360086798,0.0579502061
831.3072216227,0.0584670305
829.3784345655,0.0591600128
827.4496475084,0.0599817894
825.5208604513,0.0609172471
823.5920733942,0.0619563386
821.6632863370,0.0630134270
819.7344992799,0.0639562830
817.8057122228,0.0646917373
815.8769251656,0.0651753470
813.9481381085,0.0653971359
812.0193510514,0.0653824806
810.0905639943,0.0651709288
808.1617769371,0.0647838563
806.2329898800,0.0642956048
804.3042028229,0.0638611242
802.3754157657,0.0635548010
800.4466287086,0.0633311942
798.5178416515,0.0631361753
796.5890545944,0.0629371479
794.6602675372,0.0627011806
792.7314804801,0.0624062531
790.8026934230,0.0620999075
788.8739063658,0.0618343689
786.9451193087,0.0615630262
785.0163322516,0.0612498224
783.0875451944,0.0609553717
781.1587581373,0.0607302748
779.2299710802,0.0605412684
777.3011840231,0.0603619851
775.3723969659,0.0602157190
773.4436099088,0.0601021126
771.5148228517,0.0599766783
769.5860357945,0.0597937331
767.6572487374,0.0596073046
765.7284616803,0.0594705231
763.7996746232,0.0593292750
761.8708875660,0.0592329614
759.9421005089,0.0592631362
758.0133134518,0.0593381189
756.0845263946,0.0593734346
754.1557393375,0.0593925789
752.2269522804,0.0594755709
750.2981652233,0.0596609637
748.3693781661,0.0598796234
746.4405911090,0.0600592457
744.5118040519,0.0602089688
742.5830169947,0.0603259020
740.6542299376,0.0603786707
738.7254428805,0.0603649877
736.7966558234,0.0602675788
734.8678687662,0.0600857921
732.9390817091,0.0599048212
731.0102946520,0.0598125979
729.0815075948,0.0597893074
727.1527205377,0.0597456396
725.2239334806,0.0596421063
723.2951464235,0.0595132709
721.3663593663,0.0593945682
719.4375723092,0.0592641160
717.5087852521,0.0591448247
715.5799981949,0.0591120496
713.6512111378,0.0591209158
711.7224240807,0.0590891205
709.7936370235,0.0590693392
707.8648499664,0.0591379739
705.9360629093,0.0592644997
704.0072758522,0.0593986623
702.0784887950,0.0595389232
700.1497017379,0.0596846044
698.2209146808,0.0598169938
696.2921276236,0.0598923713
694.3633405665,0.0599167980
692.4345535094,0.0599782541
690.5057664523,0.0601025298
688.5769793951,0.0602443852
686.6481923380,0.0603820309
684.7194052809,0.0605169870
682.7906182237,0.0606569536
680.8618311666,0.0607879460
678.9330441095,0.0608898476
677.0042570524,0.0610142350
675.0754699952,0.0612370670
673.1466829381,0.0615574159
671.2178958810,0.0619385764
669.2891088238,0.0623086244
667.3603217667,0.0624922439
665.4315347096,0.0626951382
663.5027476525,0.0630923808
661.5739605953,0.0635598972
659.6451735382,0.0639788657
657.7163864811,0.0643304884
655.7875994239,0.0646348670
653.8588123668,0.0649879500
651.9300253097,0.0654882640
650.0012382526,0.0661152005
648.0724511954,0.0667581037
646.1436641383,0.0673660785
644.2148770812,0.0680668205
642.2860900240,0.0689955354
640.3573029669,0.0700780377
638.4285159098,0.0710878968
636.4997288527,0.0719006583
634.5709417955,0.0725793317
632.6421547384,0.0731766671
630.7133676813,0.0736544654
628.7845806241,0.0740664676
626.8557935670,0.0745450035
624.9270065099,0.0750559643
622.9982194527,0.0753710717
621.0694323956,0.0753602013
619.1406453385,0.0751433894
617.2118582814,0.0748769268
615.2830712242,0.0746344477
613.3542841671,0.0743585527
611.4254971100,0.0739094689
609.4967100528,0.0733567551
607.5679229957,0.0729037821
605.6391359386,0.0725692660
603.7103488815,0.0722985640
601.7815618243,0.0721043944
599.8527747672,0.0719949678
597.9239877101,0.0719606876
595.9952006529,0.0719525293
594.0664135958,0.0719787776
592.1376265387,0.0721172020
590.2088394816,0.0723177940
588.2800524244,0.0724465400
586.3512653673,0.0728595108
584.4224783102,0.0741860643
582.4936912530,0.0754789114
580.5649041959,0.0751556754
578.6361171388,0.0740353763
576.7073300817,0.0736251473
574.7785430245,0.0738441423
572.8497559674,0.0742915869
570.9209689103,0.0748188570
568.9921818531,0.0752677098
567.0633947960,0.0756787881
565.1346077389,0.0761123672
563.2058206818,0.0765066147
561.2770336246,0.0769207478
559.3482465675,0.0773831680
557.4194595104,0.0777233317
555.4906724532,0.0778785571
553.5618853961,0.0778832361
551.6330983390,0.0777295232
549.7043112818,0.0774843022
547.7755242247,0.0772947297
545.8467371676,0.0772458389
543.9179501105,0.0772943571
541.9891630533,0.0773506835
540.0603759962,0.0773477480
538.1315889391,0.0772929043
536.2028018819,0.0772186518
534.2740148248,0.0771136209
532.3452277677,0.0769926980
530.4164407106,0.0769237801
528.4876536534,0.0769591630
526.5588665963,0.0770698786
524.6300795392,0.0771058276
522.7012924820,0.0769701004
520.7725054249,0.0767928958
518.8437183678,0.0766040608
516.9149313107,0.0763475001
514.9861442535,0.0762105286
513.0573571964,0.0761762187
511.1285701393,0.0760143250
509.1997830821,0.0757802352
507.2709960250,0.0757488981
505.3422089679,0.0759689063
503.4134219108,0.0761763453
501.4846348536,0.0762929097
499.5558477965,0.0764474049
497.6270607394,0.0766358674
495.6982736822,0.0767973140
493.7694866251,0.0768561736
491.8406995680,0.0768551826
489.9119125109,0.0770426169
487.9831254537,0.0774775594
486.0543383966,0.0779668018
484.1255513395,0.0784190148
482.1967642823,0.0789072141
480.2679772252,0.0794359595
478.3391901681,0.0798599571
476.4104031109,0.0801692531
474.4816160538,0.0805744678
472.5528289967,0.0809381008
470.6240419396,0.0808698684
468.6952548824,0.0806755722
466.7664678253,0.0808451399
464.8376807682,0.0812693313
462.9088937110,0.0816048756
460.9801066539,0.0818054602
459.0513195968,0.0818625018
457.1225325397,0.0818163380
455.1937454825,0.0819259882
453.2649584254,0.0819930732
451.3361713683,0.0816425160
449.4073843111,0.0810143650
447.4785972540,0.0805166289
445.5498101969,0.0802361667
443.6210231398,0.0799531490
441.6922360826,0.0797871649
439.7634490255,0.0798323900
437.8346619684,0.0796716139
435.9058749112,0.0792634264
433.9770878541,0.0790096074
432.0483007970,0.0788336471
430.1195137399,0.0785140321
428.1907266827,0.0783889666
426.2619396256,0.0786268860
424.3331525685,0.0787510574
422.4043655113,0.0784002244
420.4755784542,0.0777183473
418.5467913971,0.0772622302
416.6180043400,0.0772415102
414.6892172828,0.0770526603
412.7604302257,0.0767549276
410.8316431686,0.0764907449
408.9028561114,0.0761141255
406.9740690543,0.0756994337
405.0452819972,0.0754047856
403.1164949401,0.0751642585
401.1877078829,0.0747242123
399.2589208258,0.0738287047