805.145	141.306
807.835	142.245
810.525	143.02
813.213	145.429
815.9	149.061
818.586	149.02
821.27	149.061
823.953	150.041
826.635	149.796
829.315	154.939
831.995	155.51
834.674	154.163
837.35	155.918
840.026	158.694
842.7	157.592
845.373	160.408
848.046	161.061
850.716	161.878
853.385	163.796
856.054	162.49
858.721	162.816
861.387	163.061
864.051	163.388
866.715	162.041
869.377	158.653
872.038	160.694
874.697	159.224
877.356	156.204
880.013	156.776
882.669	157.878
885.324	154.163
887.978	152.408
890.63	150.857
893.281	146.571
895.931	148.49
898.579	145.388
901.227	146.082
903.874	142.653
906.518	143.551
909.162	140.531
911.805	139.184
914.446	139.143
917.087	140.49
919.725	137.959
922.363	135.429
924.999	136.694
927.634	134.939
930.268	132.082
932.902	133.918
935.534	130.939
938.163	133.918
940.793	130.082
943.421	129.796
946.048	129.959
948.674	131.061
951.298	130.775
953.921	129.714
956.543	131.918
959.164	129.714
961.783	129.469
964.402	130.204
967.019	130.98
969.634	127.918
972.25	131.102
974.863	133.02
977.475	131.429
980.087	131.918
982.697	133.469
985.305	131.143
987.913	135.143
990.519	134.571
993.124	135.02
995.728	134.571
998.331	137.388
1000.93	140.98
1003.53	140.49
1006.13	142.449
1008.73	140.939
1011.33	142.898
1013.92	145.51
1016.52	147.918
1019.11	146.571
1021.7	150.776
1024.29	148.041
1026.88	155.796
1029.47	155.959
1032.06	158.694
1034.64	163.837
1037.23	168.898
1039.81	188.327
1042.4	222.939
1044.98	276.204
1047.56	330.245
1050.14	358
1052.71	353.265
1055.29	311.878
1057.87	253.347
1060.44	217.51
1063.01	207.347
1065.59	209.837
1068.16	207.592
1070.73	204.775
1073.29	203.143
1075.86	199.102
1078.43	195.551
1080.99	190
1083.56	183.918
1086.12	178.857
1088.68	172.735
1091.24	170.694
1093.8	170.082
1096.36	169.551
1098.91	173.673
1101.47	179.143
1104.02	188.612
1106.58	209.469
1109.13	243.061
1111.68	293.306
1114.23	327.02
1116.78	350.694
1119.33	334.082
1121.87	288.327
1124.42	230.286
1126.96	199.184
1129.5	181.633
1132.05	166.857
1134.59	165.673
1137.13	161.918
1139.66	157.102
1142.2	155.429
1144.74	155.469
1147.27	153.061
1149.8	158.408
1152.34	163.306
1154.87	164.327
1157.4	166.816
1159.93	167.959
1162.45	163.755
1164.98	153.633
1167.51	147.469
1170.03	145.714
1172.55	141.796
1175.08	142.327
1177.6	140.041
1180.12	143.469
1182.63	143.347
1185.15	143.551
1187.67	143.673
1190.18	149.755
1192.7	148.694
1195.21	150.082
1197.72	154
1200.23	153.592
1202.74	156.245
1205.25	156.327
1207.76	158.367
1210.26	158.775
1212.77	161.878
1215.27	163.673
1217.77	168.286
1220.27	167.878
1222.77	171.061
1225.27	170
1227.77	174
1230.27	173.918
1232.76	174.245
1235.26	177.061
1237.75	175.306
1240.24	175.959
1242.74	176.082
1245.23	178.163
1247.71	182.531
1250.2	185.878
1252.69	187.306
1255.17	186.653
1257.66	187.674
1260.14	188.98
1262.62	187.837
1265.11	190.98
1267.59	196.041
1270.06	199.02
1272.54	205.061
1275.02	234.653
1277.49	304.286
1279.97	383.102
1282.44	428.041
1284.91	442.898
1287.38	404.612
1289.85	310.571
1292.32	259.796
1294.79	239.633
1297.26	226.122
1299.72	209.837
1302.19	197.306
1304.65	189.02
1307.11	180.041
1309.57	175.714
1312.03	169.837
1314.49	162.531
1316.95	157.347
1319.4	154.204
1321.86	148.653
1324.31	148.204
1326.77	146.735
1329.22	145.184
1331.67	147.51
1334.12	144
1336.57	144.122
1339.01	142.082
1341.46	142.694
1343.91	141.755
1346.35	142.694
1348.79	145.837
1351.24	150.449
1353.68	152.571
1356.12	154.531
1358.55	155.429
1360.99	154.163
1363.43	146.98
1365.86	141.918
1368.3	139.265
1370.73	135.878
1373.16	135.796
1375.59	133.551
1378.02	132.245
1380.45	130.653
1382.88	131.51
1385.31	130.327
1387.73	131.347
1390.16	131.878
1392.58	135.184
1395	137.143
1397.42	146.327
1399.84	164.816
1402.26	184.408
1404.68	196.898
1407.1	208.286
1409.51	207.51
1411.93	199.837
1414.34	208.163
1416.75	225.551
1419.17	260.245
1421.58	301.959
1423.98	343.673
1426.39	371.755
1428.8	379.469
1431.21	367.755
1433.61	338.612
1436.01	308.041
1438.42	292.041
1440.82	280.898
1443.22	283.225
1445.62	283.347
1448.02	278.408
1450.41	270.082
1452.81	258.694
1455.2	240.776
1457.6	221.959
1459.99	199.02
1462.38	182.612
1464.77	168.531
1467.16	156
1469.55	149.184
1471.94	142.531
1474.33	137.673
1476.71	134.898
1479.1	131.837
1481.48	127.837
1483.86	126.816
1486.24	124.163
1488.62	122.775
1491	121.469
1493.38	121.592
1495.76	117.592
1498.13	120.775
1500.51	117.306
1502.88	116.163
1505.25	118.122
1507.62	116.98
1509.99	117.388
1512.36	117.714
1514.73	114.408
1517.1	116.49
1519.47	114.041
1521.83	112.122
1524.2	112.122
1526.56	114.245
1528.92	112.816
1531.28	115.02
1533.64	113.51
1536	112.694
1538.36	110.531
1540.71	112.612
1543.07	112.816
1545.42	112
1547.78	110.653
1550.13	110.571
1552.48	109.102
1554.83	109.347
1557.18	110.816
1559.53	106.041
1561.88	105.102
1564.22	108.041
1566.57	107.592
1568.91	105.347
1571.25	106.408
1573.6	105.592
1575.94	103.143
1578.28	106.776
1580.62	104.735
1582.95	104.204
1585.29	103.429
1587.63	104.122
1589.96	104.327
1592.29	102.449
1594.63	101.673
1596.96	101.51
1599.29	100.612
1601.62	101.796
1603.95	100.857
1606.27	99.3469
1608.6	100.163
1610.92	99.6327
1613.25	100.286
1615.57	99.3061
1617.89	98.1633
1620.21	99.3061
1622.53	100.163
1624.85	97.7551
1627.17	100.408
1629.49	95.4694
1631.8	98.3265
1634.12	97.4286
1636.43	96.898
1638.75	95.5102
1641.06	91.9592
1643.37	93.7551
1645.68	93.7959
1647.99	93.3469
1650.29	91.347
1652.6	90.3265
1654.91	92.5306
1657.21	92.8163
1659.51	90.2857
1661.82	88.9388
1664.12	90.4081
1666.42	90.5714
1668.72	88.9796
1671.02	87.6735
1673.31	87.1429
1675.61	86.2041
1677.9	88.2449
1680.2	86.8163
1682.49	86
1684.78	86.5306
1687.08	85.9184
1689.37	85.6735
1691.66	81.5102
1693.94	83.5918
1696.23	85.1428
1698.52	82.9796
1700.8	82.1225
1703.09	84.0408
1705.37	81.9592
1707.65	81.0204
1709.93	80.3673
1712.21	81.6327
1714.49	81.4694
1716.77	79.7143
1719.05	78.9796
1721.32	79.7551
1723.6	79.8367
1725.87	78.6531
1728.14	78.8163
1730.41	78.5306
1732.69	76.2449
1734.96	78.3673
1737.22	77.0612
1739.49	77.2245
1741.76	75.551
1744.02	74.0408
1746.29	73.2653
1748.55	75.102
1750.82	74.8979
1753.08	73.9184
1755.34	72.4082
1757.6	74.1224
1759.86	72.0816
1762.11	73.551
1764.37	71.7551
1766.63	71.0204
1768.88	71.0204
1771.14	72.2857
1773.39	70.6939
1775.64	70.9796
1777.89	69.0204
1780.14	70.7755
1782.39	69.9592
1784.64	69.0204
1786.88	67.9592
1789.13	68.1225
1791.38	69.0612
1793.62	66.5714
1795.86	67.0204
1798.1	66.0408
1800.34	66.4898
1802.58	67.6327
1804.82	67.551
1807.06	64.6939
1809.3	64.9796
1811.53	64.449
1813.77	65.8367
1816	65.6735
1818.24	63.8367
1820.47	63.3878
1822.7	64.7347
1824.93	63.5102
1827.16	61.8367
1829.38	62.9796
1831.61	62.8571
1833.84	62.1225
1836.06	62.5714
1838.29	62.1225
1840.51	62.4082
1842.73	60.0816
1844.95	62
1847.17	61.9592
1849.39	60.2041
1851.61	61.1429
1853.83	61.7959
1856.04	58.9796
1858.26	59.8776
1860.47	60.0408
1862.69	61.8367
1864.9	60.2449
1867.11	59.6327
1869.32	58.1225
1871.53	57.4286
1873.74	58.8163
1875.94	60.2857
1878.15	58.0408
1880.36	57.8367
1882.56	58.8163
1884.76	59.4694
1886.97	58.6123
1889.17	58.2857
1891.37	57.3878
1893.57	57.3061
1895.77	56.4082
1897.96	56.7347
1900.16	56.6939
1902.36	56.8571
1904.55	55.8367
1906.74	55.4286
1908.94	55.3469
1911.13	56.7755
1913.32	57.102
1915.51	56
1917.7	54.6531
1919.89	54.898
1922.07	56.2449
1924.26	56.898
1926.44	55.5918
1928.63	54.7347
1930.81	55.4694
1932.99	54.8163
1935.17	54.4082
1937.35	53.4694
1939.53	53.0204
1941.71	55.2245
1943.89	55.0612
1946.07	53.8367
1948.24	55.1429
1950.42	52.8163
1952.59	53.4286
1954.76	54.5306
1956.93	54.7755
1959.1	53.1429
1961.27	54.3265
1963.44	52.449
1965.61	52.8571
1967.78	52.5306
1969.94	52.2857
1972.11	54.0408
1974.27	51.9592
1976.43	52.449
1978.6	52.3673
1980.76	53.1837
1982.92	53.102
1985.08	52.7347
1987.23	51.8776
1989.39	52.4898
1991.55	50.898
1993.7	52.2041
1995.86	51.551
1998.01	50.6531
2000.16	51.5102
2002.32	52.1225
2004.47	50.6122
2006.62	51.8776
2008.76	52.6123
2010.91	50.4082
2013.06	50.0408
2015.2	52.2041
2017.35	51.6327
2019.49	50.5714
2021.64	50.2041
2023.78	51.2245
2025.92	49.9592
2028.06	50.9796
2030.2	50.8571
2032.34	50.7755
2034.48	49.6327
2036.61	50.2857
2038.75	48.9388
2040.88	48.898
2043.02	49.4694
2045.15	49.3878
2047.28	49.2653
2049.41	50.1225
2051.54	50.3673
2053.67	49.9592
2055.8	49.7143
2057.93	48.7755
2060.05	49.5918
2062.18	49.1429
2064.3	48.898
2066.42	49.7143
2068.55	49.9592
2070.67	49.551
2072.79	48.1633
2074.91	48.0408
2077.03	48.449
2079.14	48.8163
2081.26	48.1633
2083.38	48.7755
2085.49	49.102
2087.61	49.3061
2089.72	47.3061
2091.83	47.551
2093.94	48.3673
2096.05	49.5102
2098.16	48.1633
2100.27	48.0816
2102.38	47.1429
2104.49	47.3878
2106.59	47.4286
2108.7	49.3877
2110.8	48.898
2112.9	48.7755
2115.01	47.9592
2117.11	48.3673
2119.21	47.4286
2121.31	47.9184
2123.41	47.5918
2125.5	46.3673
2127.6	47.102
2129.7	46.8571
2131.79	47.102
2133.88	46.6122
2135.98	47.5102
2138.07	46.6939
2140.16	47.7143
2142.25	46.898
2144.34	47.5102
2146.43	46.2857
2148.51	46.8571
2150.6	46.7755
2152.69	45.5918
2154.77	47.3469
2156.85	47.4694
2158.94	47.3469
2161.02	46.6939
2163.1	47.6735
2165.18	47.7551
2167.26	49.4286
2169.34	49.8776
2171.42	48.9388
2173.49	49.1837
2175.57	47.551
2177.64	47.3061
2179.72	47.6327
2181.79	48
2183.86	47.2245
2185.93	46.9388
2188	47.0204
2190.07	47.6327
2192.14	46.0816
2194.21	46.6122
2196.27	45.2653
2198.34	47.3469
2200.41	45.5102
2202.47	44.6531
2204.53	45.8367
2206.59	45.7959
2208.66	44.1225
2210.71	45.9592
2212.77	45.7143
2214.83	45.3061
2216.89	46.4082
2218.95	45.3878
2221	45.551
2223.06	43.7959
2225.11	45.8775
2227.17	45.3878
2229.22	44.5714
2231.27	44.7347
2233.32	44.449
2235.37	44.5306
2237.42	46.4898
2239.46	45.0612
2241.51	44.5306
2243.56	44.7755
2245.6	44.4898
2247.65	44.6122
2249.69	44.0816
2251.73	44.6531
2253.77	44.6939
2255.81	44.1633
2257.85	44.9796
2259.89	44.6122
2261.93	44.9796
2263.97	44.5306
2266	43.8367
2268.04	43.4286
2270.07	43.4694
2272.11	43.3061
2274.14	43.102
2276.17	43.4286
2278.2	43.8367
2280.23	43.7551
2282.26	43.4286
2284.29	42.6122
2286.32	43.8776
2288.34	42.5306
2290.37	42.449
2292.39	42.9796
2294.42	43.5102
2296.44	42.2449
2298.46	43.8367
2300.48	43.7143
2302.5	41.9592
2304.52	43.7143
2306.54	41.8775
2308.56	43.9184
2310.58	43.4694
2312.59	43.1837
2314.61	42.898
2316.62	43.1837
2318.63	43.5918
2320.65	44.2449
2322.66	42.7347
2324.67	43.2245
2326.68	42.449
2328.69	41.102
2330.7	42.9796
2332.7	42.6939
2334.71	41.8367
2336.72	42.5714
2338.72	41.9184
2340.72	43.3061
2342.73	42.0408
2344.73	42.3265
2346.73	40.9388
2348.73	41.9592
2350.73	41.2653
2352.73	42.7347
2354.72	42.0408
2356.72	41.7143
2358.72	43.5102
2360.71	42.1225
2362.71	41.3061
2364.7	41.1837
2366.69	42.0816
2368.68	42.1633
2370.67	42.2857
2372.66	42.4898
2374.65	41.5918
2376.64	40.7755
2378.63	42.1633
2380.61	42.2857
2382.6	41.7551
2384.58	41.9184
2386.57	41.3061
2388.55	42.0816
2390.53	41.3061
2392.52	41.8776
2394.5	42.449
2396.48	41.0204
2398.45	41.9592
2400.43	42.5714
2402.41	40.9796
2404.38	40.898
2406.36	41.8776
2408.33	41.6327
2410.31	41.8776
2412.28	41.9184
2414.25	40.9388
2416.22	42
2418.19	41.551
2420.16	41.0612
2422.13	41.8367
2424.1	41.0204
2426.07	41.1429
2428.03	42.0816
2430	41.6327
2431.96	41.1837
2433.92	41.7551
2435.89	41.5918
2437.85	41.4286
2439.81	41.1837
2441.77	40.5714
2443.73	40.2857
2445.69	40.2449
2447.64	40.9388
2449.6	40.1224
2451.56	40.8571
2453.51	39.9592
2455.46	40.0408
2457.42	40.1633
2459.37	39.6327
2461.32	39.6735
2463.27	39.3061
2465.22	40.5714
2467.17	40.449
2469.12	39.4286
2471.07	39.9592
2473.01	39.0204
2474.96	40.4898
2476.9	40.3673
2478.85	40.1224
2480.79	39.5918
2482.73	40.9388
2484.67	39.0612
2486.61	40.9388
2488.55	40.1224
2490.49	40.6939
2492.43	39.5918
2494.37	39.6327
2496.3	40.8163
2498.24	39.9592
2500.17	39.6327
2502.11	39.5918
2504.04	39.7143
2505.97	39.5102
2507.91	39.5918
2509.84	39.0204
2511.77	39.3878
2513.69	40.7755
2515.62	39.9592
2517.55	39.5918
2519.48	40.6122
2521.4	40.3265
2523.33	39.2653
2525.25	39.0612
2527.17	39.0204
2529.09	39.5102
2531.02	39.2245
2532.94	39.7551
2534.86	40.2449
2536.78	39.9184
2538.69	39.551
2540.61	39.5102
2542.53	39.9184
2544.44	40.6531
2546.36	40.0408
2548.27	40.2857
2550.19	39.2653
2552.1	39.9592
2554.01	39.9184
2555.92	40.4898
2557.83	39.1837
2559.74	40.0816
2561.65	39.8776
2563.55	40.7755
2565.46	40.3674
2567.37	40.5306
2569.27	40.8571
2571.18	39.7959
2573.08	39.4286
2574.98	39.6735
2576.88	40.5714
2578.78	40.6122
2580.68	40.9388
2582.58	40.5306
2584.48	41.7959
2586.38	40.5306
2588.28	41.3061
2590.17	40.2041
2592.07	40.6122
2593.96	40
2595.86	41.551
2597.75	41.1429
2599.64	40.3673
2601.53	40.1225
2603.42	40.6939
2605.31	41.2653
2607.2	41.3061
2609.09	39.7143
2610.97	40.9796
2612.86	41.6735
2614.75	39.8367
2616.63	39.8776
2618.51	40.6531
2620.4	40.1225
2622.28	39.9184
2624.16	41.1021
2626.04	39.5918
2627.92	41.0612
2629.8	40.4082
2631.68	40.0816
2633.56	40.0408
2635.43	40.449
2637.31	41.0204
2639.18	39.0612
2641.06	40.1633
2642.93	40.6122
2644.8	40.9796
2646.67	39.3061
2648.55	40.8163
2650.42	40.3674
2652.29	41.5102
2654.15	41.3469
2656.02	40.3673
2657.89	40.3265
2659.75	40.449
2661.62	40.3673
2663.48	39.9592
2665.35	41.7959
2667.21	39.7959
2669.07	40
2670.93	42.2041
2672.79	40.5714
2674.65	40.4898
2676.51	40.2857
2678.37	41.7959
2680.23	42
2682.09	41.5102
2683.94	41.1837
2685.8	41.5918
2687.65	41.6735
2689.5	41.7959
2691.36	42.4898
2693.21	41.9184
2695.06	43.7959
2696.91	43.9592
2698.76	43.8776
2700.61	43.6735
2702.46	43.2653
2704.3	45.2653
2706.15	45.551
2707.99	45.7143
2709.84	45.8775
2711.68	45.9184
2713.53	45.6735
2715.37	46.2857
2717.21	45.4286
2719.05	44.4082
2720.89	45.9592
2722.73	43.9184
2724.57	43.6327
2726.41	42.8571
2728.24	42.4082
2730.08	41.4286
2731.91	40.5714
2733.75	42.0408
2735.58	41.9184
2737.41	39.4694
2739.25	39.7959
2741.08	40
2742.91	40
2744.74	40.6531
2746.57	39.1428
2748.4	39.9184
2750.22	39.4286
2752.05	39.7551
2753.88	39.3061
2755.7	39.6735
2757.52	39.102
2759.35	39.2653
2761.17	38.9796
2762.99	38.9388
2764.81	40.2041
2766.63	39.4286
2768.45	41.102
2770.27	38.1633
2772.09	39.9184
2773.91	39.4286
2775.72	39.1429
2777.54	39.3061
2779.36	38.6122
2781.17	39.4286
2782.98	38.898
2784.8	38.7347
2786.61	38.449
2788.42	39.7551
2790.23	39.7143
2792.04	40.4898
2793.85	39.6735
2795.66	39.7551
2797.46	39.1837
2799.27	39.551
2801.08	39.1837
2802.88	39.4694
2804.68	40.5306
2806.49	41.5918
2808.29	41.0204
2810.09	41.5918
2811.89	42.0816
2813.69	42.449
2815.49	43.7551
2817.29	43.1429
2819.09	46.3673
2820.89	47.2245
2822.68	49.5918
2824.48	52.6123
2826.27	57.9592
2828.07	64.2041
2829.86	72.3673
2831.66	79.1428
2833.45	90.1225
2835.24	101.51
2837.03	107.673
2838.82	107.306
2840.61	110.694
2842.4	106.245
2844.18	101.02
2845.97	96.2857
2847.76	90.4898
2849.54	86.3674
2851.32	83.6735
2853.11	81.0204
2854.89	76.5306
2856.67	77.1837
2858.45	75.9592
2860.24	75.1429
2862.01	77.1429
2863.79	77.9184
2865.57	81.2245
2867.35	88.5714
2869.13	98.0408
2870.9	104.327
2872.68	106.204
2874.45	105.143
2876.23	97.4286
2878	87.9592
2879.77	83.4286
2881.54	79.7551
2883.31	76.898
2885.08	75.6326
2886.85	73.5918
2888.62	72.5714
2890.39	71.9592
2892.16	69.0204
2893.92	69.7143
2895.69	67.5102
2897.45	66.449
2899.22	65.102
2900.98	62.449
2902.74	62.1224
2904.5	60.2041
2906.26	58.2041
2908.02	58.7755
2909.78	59.0204
2911.54	58.6122
2913.3	56.8163
2915.06	58.1633
2916.81	57.0204
2918.57	55.3878
2920.33	56.6122
2922.08	55.4694
2923.83	54.9388
2925.59	52.6939
2927.34	51.7143
2929.09	50.5714
2930.84	48.6939
2932.59	47.3878
2934.34	46.449
2936.09	45.0612
2937.83	43.7551
2939.58	41.7143
2941.33	42.1633
2943.07	42.2449
2944.82	41.3061
2946.56	40.6123
2948.31	40.6939
2950.05	40.0408
2951.79	40.5714
2953.53	39.1429
2955.27	40.1633
2957.01	39.4286
2958.75	38.5714
2960.49	39.2653
2962.22	36.9388
2963.96	38.1633
2965.7	38.7347
2967.43	37.0612
2969.17	36.5306
2970.9	38.2857
2972.63	38.1633
2974.36	37.2245
2976.1	36.449
2977.83	36.2857
2979.56	36.2449
2981.29	37.7959
2983.01	37.2653
2984.74	36.6122
2986.47	36.8163
2988.19	36.6531
2989.92	37.0204
