23.2408	42.4646
25.1249	41.0303
27.0086	41.0909
28.8919	41.7778
30.7748	42.6667
32.6573	44.9091
34.5395	46.9091
36.4213	46.7475
38.3005	47.5555
40.1816	48.3434
42.0622	50.0202
43.9425	51.9798
45.8203	59.0505
47.6998	71.6162
49.5768	84.1212
51.4556	86.4445
53.3318	80.303
55.2098	70.4646
57.0853	66.3434
58.9605	65.8384
60.8374	67.2323
62.7117	72.2828
64.5857	77.0303
66.4594	92.4243
68.3326	107.737
70.2055	116.242
72.078	114.687
73.9501	109.818
75.8219	107.697
77.6911	109.515
79.5621	111.657
81.4327	112.606
83.3009	110.667
85.1707	116.081
87.0403	122.646
88.9072	129.151
90.7739	132.707
92.6423	136.788
94.5081	130.202
96.3737	121.737
98.2409	114.061
100.106	111.151
101.97	115.717
103.834	119.798
105.698	128.485
107.561	133.172
109.424	141.515
111.286	151.879
113.149	157.939
115.008	150.182
116.87	132.081
118.731	115.051
120.591	101.939
122.45	96.4242
124.31	96.9495
126.167	97.9596
128.024	98.3838
129.883	97.6566
131.739	94.707
133.595	95.8586
135.453	101.98
137.308	111.475
139.163	118.444
141.018	121.172
142.872	116.263
144.725	107.131
146.579	102.768
148.432	99.6768
150.282	97.5151
152.135	96.2828
153.986	94.7677
155.838	93.7172
157.687	94.1414
159.538	96.0404
161.386	99.7778
163.236	100.465
165.084	102.99
166.931	104.222
168.78	106.242
170.627	105.212
172.473	106
174.318	102.242
176.164	97.3738
178.009	93.4949
179.854	89.6566
181.698	88.9495
183.542	89.0303
185.385	92.1212
187.226	96.3434
189.069	105.919
190.912	115.899
192.752	126.626
194.593	130.566
196.433	129.111
198.274	123.01
200.112	116.869
201.95	110.505
203.79	106.364
205.628	107.091
207.465	109.657
209.302	113.616
211.138	117.455
212.974	120.02
214.81	127.071
216.645	134.707
218.48	143.96
220.314	146.404
222.146	140.182
223.98	136.566
225.814	137.879
227.645	144.081
229.477	144.364
231.308	145.556
233.14	140.121
234.969	130.99
236.798	130.263
238.627	128.283
240.458	128.707
242.286	127.455
244.114	122.101
245.941	116.202
247.768	109.879
249.595	106.343
251.421	100.566
253.245	101.253
255.07	102.848
256.896	103.96
258.718	105.273
260.543	106.202
262.367	104.99
264.189	103.111
266.01	101.111
267.833	102.242
269.654	102.848
271.474	105.414
273.296	106.606
275.116	109.071
276.935	113.879
278.754	118.162
280.572	124.667
282.39	129.172
284.208	132.364
286.023	132.283
287.84	132.182
289.657	130.465
291.471	130.384
293.287	131.636
295.103	135.495
296.916	143.434
298.729	151.152
300.543	154.323
302.355	151.677
304.167	147.899
305.979	141.717
307.792	132.687
309.602	126.323
311.413	125.212
313.223	123.939
315.032	121.03
316.84	122.141
318.648	121.758
320.457	125.232
322.265	125.212
324.071	124.626
325.878	126.081
327.684	128.707
329.49	134.687
331.295	146.444
333.099	162.687
334.904	182.121
336.708	203.01
338.511	225.556
340.313	245.879
342.116	261.778
343.917	263.151
345.719	250.808
347.52	228.909
349.321	206.485
351.121	186
352.92	170.384
354.719	160.525
356.519	155.737
358.316	150.545
360.115	143.374
361.911	136.586
363.707	129.475
365.504	123.838
367.3	116.667
369.095	111.98
370.889	110.121
372.683	106.384
374.477	104.263
376.271	104.99
378.064	104.081
379.857	106.545
381.649	110.465
383.439	115.859
385.231	129.737
387.022	145.96
388.811	164.768
390.602	175.515
392.39	170.343
394.178	155.899
395.968	139.252
397.755	124.424
399.542	119.111
401.329	121.212
403.115	126.404
404.901	136.525
406.686	151.05
408.472	162.162
410.256	163.131
412.041	160.081
413.823	156.101
415.607	159.859
417.39	172.727
419.171	199.535
420.954	220.909
422.734	241.354
424.514	246.202
426.296	245.293
428.075	237.232
429.854	225.192
431.633	209.414
433.411	188.566
435.189	167.737
436.967	153.697
438.744	139.152
440.521	131.253
442.295	122.687
444.072	121.697
445.848	123.455
447.621	129.394
449.396	144.768
451.169	173.091
452.944	226.505
454.716	301.253
456.487	369.879
458.259	389.879
460.03	344.929
461.803	274.141
463.573	207.293
465.343	159.131
467.111	131.475
468.88	116.202
470.649	109.677
472.418	106.02
474.184	105.859
475.952	108.97
477.718	111.232
479.485	107.96
481.25	105.414
483.017	103.455
484.781	99.495
486.545	97.9596
488.308	98.8889
490.072	99.2323
491.835	98.4848
493.597	99.7172
495.359	98.2828
497.121	98.404
498.883	100.121
500.644	99.7576
502.403	102.525
504.163	107.596
505.921	112.97
507.681	125.051
509.439	143.939
511.198	173.172
512.955	203.192
514.711	218.586
516.467	206.242
518.223	177.798
519.978	149.677
521.733	130.646
523.488	118.889
525.243	115.313
526.997	115.899
528.75	119.495
530.502	127.758
532.255	139.838
534.006	155.495
535.758	180
537.508	205.434
539.26	233.091
541.009	263.212
542.758	289.495
544.507	319.01
546.255	339.353
548.003	341.758
549.751	324.687
551.498	288.768
553.245	248.545
554.992	208.687
556.738	183.758
558.482	161.111
560.228	149.071
561.971	142.444
563.716	135.475
565.459	130.04
567.201	127.394
568.945	118.727
570.687	114.626
572.428	113.293
574.169	111.697
575.91	115.172
577.65	114.869
579.39	118.02
581.13	121.05
582.867	121.697
584.606	121.778
586.345	120
588.081	118.566
589.819	114.081
591.555	107.576
593.29	104.606
595.027	100.283
596.762	97.2525
598.496	95.0707
600.23	92.2828
601.964	93.2121
603.697	92.2222
605.43	92.707
607.163	92.8485
608.895	93.1515
610.625	93.2323
612.357	96.8687
614.088	96.9697
615.817	96.9697
617.548	97.3737
619.276	97.0909
621.004	93.9192
622.732	93.7172
624.461	92.2222
626.188	94.5455
627.915	95.6566
629.641	101.535
631.367	105.495
633.093	115.212
634.817	124.566
636.542	131.434
638.266	130.424
639.989	125.596
641.713	117.616
643.435	110.768
645.158	104.04
646.879	99.7576
648.6	97.2929
650.32	95.3535
652.04	94.101
653.76	91.2525
655.48	90.4242
657.199	90.1818
658.917	88.8081
660.636	88.9899
662.354	88.505
664.07	88.6869
665.787	87.1111
667.503	86.4444
669.219	87.0909
670.934	86.5656
672.65	85.798
674.364	85.8788
676.078	84.4444
677.791	85.6768
679.504	84.3838
681.216	85.6768
682.929	84.5454
684.641	84.3232
686.352	82.8485
688.061	84.0606
689.772	84.3636
691.483	82.6465
693.191	83.2929
694.899	84.7677
696.609	83.4343
698.316	83.4545
700.023	85.3738
701.732	84.9495
703.438	84.9495
705.144	84.9293
706.85	86.3435
708.554	89.9596
710.259	90.404
711.964	93.2525
713.668	95.8384
715.37	95.7172
717.074	92.1212
718.775	90.3838
720.479	88.9495
722.179	87.9798
723.88	86.9293
725.582	86.5051
727.282	87.1919
728.982	87.6566
730.681	86.4848
732.38	86.6465
734.076	86.6667
735.775	87.3131
737.473	87.5556
739.17	87.0303
740.866	87.8788
742.563	86.3839
744.257	87.899
745.954	87.7778
747.648	89.4949
749.342	89.798
751.035	90.6667
752.728	90.6869
754.421	89.8586
756.113	90.0808
757.806	89.9192
759.497	90.7071
761.189	90.3838
762.878	91.495
764.569	91.5354
766.258	92.4242
767.948	94.5455
769.636	95.899
771.326	97.1313
773.013	100.081
774.7	102.263
776.387	100.929
778.073	99.798
779.759	98.4647
781.445	94.8283
783.13	93.2323
784.815	90.9293
786.498	91.8384
788.183	92.2424
789.867	91.3333
791.549	88.7475
793.23	89.495
794.914	88.3637
796.595	88.8081
798.275	87.6364
799.956	89.0505
801.635	88.5455
803.315	90
804.995	89.5758
806.674	87.8182
808.352	89.1717
810.029	88.8081
811.707	88.7475
813.385	89.3939
815.06	89.6768
816.735	89.7576
818.412	89.9394
820.087	90.3434
821.761	89.8586
823.435	91.4343
825.109	91.0101
826.782	91.5758
828.455	93.3333
830.128	94.8081
831.8	97.4141
833.472	97.4344
835.142	102.909
836.814	106.667
838.483	115.697
840.154	126.889
841.822	142.707
843.491	159.333
845.159	173.051
846.826	167.556
848.493	159.919
850.16	143.434
851.827	128.263
853.494	119.737
855.16	112.424
856.823	107.192
858.489	103.05
860.154	101.03
861.817	100.283
863.48	100.283
865.144	99.697
866.806	99.495
868.467	96.7071
870.129	98.1818
871.79	95.7172
873.451	97.1313
875.111	97.4747
876.771	97.6364
878.429	97.2727
880.089	98.8283
881.748	99.5354
883.405	101.96
885.063	104.263
886.719	109.657
888.375	117.354
890.031	128.768
891.689	147.03
893.344	170.061
894.998	196.909
896.651	211.798
898.305	209.939
899.959	198.424
901.613	187.838
903.264	175.838
904.917	169.394
906.568	160.061
908.22	148.061
909.87	134.283
911.52	127.939
913.169	124.929
914.818	127.131
916.467	132.949
918.116	141.131
919.764	140.202
921.412	131.414
923.06	121.737
924.705	110.606
926.352	101.535
927.997	98.2222
929.643	95.0707
931.288	92.6465
932.931	91.7576
934.577	89.6162
936.22	89.7778
937.863	90.0808
939.506	88.101
941.148	88.9091
942.788	87.3939
944.43	86.707
946.072	86.7879
947.711	88.1212
949.352	87.697
950.99	86.5657
952.631	87.6161
954.269	87.3333
955.906	87.5151
957.544	86.7879
959.181	86.7475
960.818	87.0909
962.454	88.1212
964.09	86.9697
965.726	88.5051
967.36	88.1818
968.995	90.3232
970.628	88.8889
972.263	90.8889
973.896	92.2222
975.528	93.7172
977.162	94.8889
978.793	98.3434
980.424	102.97
982.055	108.566
983.686	112.545
985.316	116.444
986.945	115.091
988.574	110.242
990.204	106.808
991.831	104.626
993.46	105.657
995.087	106.727
996.713	111.98
998.339	119.98
999.965	128.566
1001.59	134.707
1003.22	139.798
1004.84	138.303
1006.47	137.394
1008.09	134.828
1009.71	137.475
1011.34	144.141
1012.96	156.768
1014.58	167.737
1016.2	175.05
1017.82	178.606
1019.44	177.98
1021.06	183.03
1022.68	190.343
1024.3	189.333
1025.92	188.141
1027.54	180.444
1029.16	173.818
1030.78	168.444
1032.39	166.364
1034.01	169.556
1035.63	173.333
1037.24	182.061
1038.86	194
1040.47	201.838
1042.08	208.202
1043.7	206.121
1045.31	208.303
1046.93	205.434
1048.54	199.333
1050.15	190.869
1051.76	183.313
1053.37	188.061
1054.98	198.929
1056.6	220.889
1058.21	245.03
1059.81	251.596
1061.42	248.808
1063.03	235.293
1064.64	233.01
1066.25	237.859
1067.86	242.97
1069.46	240.949
1071.07	230.323
1072.67	212.404
1074.28	194.263
1075.89	175.636
1077.49	161.232
1079.09	151.091
1080.7	143.253
1082.3	138.505
1083.9	134.303
1085.51	130.061
1087.11	129.091
1088.71	126.242
1090.31	131.03
1091.91	135.03
1093.51	140.343
1095.11	153.717
1096.71	164.99
1098.31	181.354
1099.91	200.263
1101.51	222.242
1103.1	244.687
1104.7	261.05
1106.3	284.222
1107.89	306.162
1109.49	323.293
1111.08	332.485
1112.68	326.444
1114.28	307.616
1115.87	283.919
1117.46	264.263
1119.06	254.343
1120.65	256.263
1122.24	261.515
1123.83	257.151
1125.42	242.04
1127.02	228.323
1128.6	216.97
1130.19	215.131
1131.79	210.525
1133.37	206.99
1134.96	206.465
1136.55	204.869
1138.14	206.646
1139.73	219.091
1141.31	240.202
1142.9	273.455
1144.49	306.848
1146.07	326.445
1147.66	316.485
1149.24	280.303
1150.83	231.919
1152.41	188.061
1153.99	154.404
1155.58	135.818
1157.16	124.586
1158.74	115.778
1160.32	111.354
1161.9	107.515
1163.48	105.98
1165.07	103.333
1166.64	101.798
1168.22	99.8182
1169.8	99.9394
1171.38	99.1313
1172.96	97.798
1174.54	98.8283
1176.12	96.7677
1177.69	97.3939
1179.27	97.0505
1180.84	96.7879
1182.42	97.6364
1183.99	98.5657
1185.57	101.414
1187.14	105.232
1188.72	106.384
1190.29	107.616
1191.86	107.071
1193.43	104.929
1195.01	102.02
1196.58	100
1198.15	100.768
1199.72	101.818
1201.29	100.929
1202.86	102.303
1204.43	103.253
1206	104.869
1207.57	104.101
1209.14	101.899
1210.7	100.424
1212.27	99.9596
1213.84	99.7172
1215.4	100.646
1216.97	101.657
1218.53	103.838
1220.1	106.707
1221.66	108.747
1223.23	108.081
1224.79	110.263
1226.35	109.091
1227.92	110.04
1229.48	111.919
1231.04	115.899
1232.6	123.051
1234.16	129.697
1235.73	135.192
1237.29	138.303
1238.85	134.889
1240.4	129.495
1241.96	125.697
1243.52	121.333
1245.08	124.465
1246.64	128.101
1248.19	137.657
1249.75	147.98
1251.31	157.455
1252.86	162.97
1254.42	160.505
1255.97	150.606
1257.53	141.758
1259.08	137.919
1260.64	136.263
1262.19	141.434
1263.74	146.424
1265.29	153.636
1266.85	157.394
1268.4	157.172
1269.95	153.899
1271.5	149.414
1273.05	143.818
1274.6	138.323
1276.15	130.949
1277.7	125.354
1279.25	120.242
1280.79	118.162
1282.34	115.556
1283.89	114.283
1285.43	115.455
1286.98	115.717
1288.53	116
1290.07	116.101
1291.62	117.434
1293.16	117.131
1294.71	118.545
1296.25	120.525
1297.79	124.303
1299.34	127.879
1300.88	137.01
1302.42	146.97
1303.96	160.303
1305.5	165.778
1307.04	163.838
1308.58	156
1310.12	150.485
1311.66	148.061
1313.2	153.778
1314.74	165.859
1316.28	176.586
1317.81	183.03
1319.35	183.03
1320.89	183.576
1322.42	186.101
1323.96	187.717
1325.5	196.808
1327.03	198.889
1328.56	193.071
1330.1	184.788
1331.63	177.293
1333.17	176.061
1334.7	180.485
1336.23	184.162
1337.76	183.313
1339.3	177.192
1340.83	172.828
1342.36	165.394
1343.89	159.495
1345.42	155.798
1346.95	155.434
1348.48	155.495
1350	159.03
1351.53	164.909
1353.06	172.586
1354.59	182.485
1356.11	187.616
1357.64	190.768
1359.17	188.283
1360.69	188.586
1362.22	180.99
1363.74	176.485
1365.26	171.96
1366.79	169.111
1368.31	172.505
1369.83	179.253
1371.36	188.747
1372.88	202.687
1374.4	215.434
1375.92	226
1377.44	231.798
1378.96	235.515
1380.48	233.838
1382	227.717
1383.52	216.222
1385.04	209.051
1386.56	196.283
1388.07	184.242
1389.59	174.465
1391.11	164.525
1392.62	156.95
1394.14	152.889
1395.66	150.788
1397.17	150.384
1398.69	146.101
1400.2	141.495
1401.71	138.687
1403.23	132.687
1404.74	129.333
1406.25	126.141
1407.76	126.182
1409.28	126.485
1410.79	124.364
1412.3	124.141
1413.81	125.616
1415.32	125.778
1416.83	124.687
1418.34	127.091
1419.84	130.323
1421.35	132.889
1422.86	137.636
1424.37	141.616
1425.88	145.212
1427.38	148.667
1428.89	151.717
1430.39	154.101
1431.9	152.444
1433.4	151.374
1434.91	147.919
1436.41	145.172
1437.92	143.798
1439.42	145.212
1440.92	144.283
1442.42	152.141
1443.92	159.98
1445.43	170.182
1446.93	182.202
1448.43	193.212
1449.93	208.646
1451.43	214.303
1452.93	212.182
1454.43	202.626
1455.92	190.182
1457.42	173.919
1458.92	161.636
1460.42	149.212
1461.91	142.525
1463.41	134.081
1464.91	129.535
1466.4	123.697
1467.9	118.586
1469.39	114.263
1470.88	109.657
1472.38	104.343
1473.87	102.788
1475.36	100.606
1476.86	98.6465
1478.35	97.3535
1479.84	95.8788
1481.33	95.596
1482.82	94.3434
1484.31	92.4646
1485.8	93.0505
1487.29	92.6061
1488.78	92.303
1490.27	91.5354
1491.76	92.3435
1493.24	91.8586
1494.73	91.3535
1496.22	90.303
1497.71	89.8788
1499.19	89.4545
1500.68	89.6565
1502.16	88.6465
1503.65	88.4848
1505.13	88.1212
1506.62	88.3434
1508.1	88.2828
1509.58	88.0808
1511.06	88
1512.55	87.4949
1514.03	88.2828
1515.51	88
1516.99	87.4748
1518.47	88.1414
1519.95	88.9495
1521.43	88.9697
1522.91	88.6869
1524.39	89.697
1525.87	87.3131
1527.34	87.6566
1528.82	86.9697
1530.3	87.9596
1531.77	89.8384
1533.25	88.2222
1534.73	86.8687
1536.2	87.798
1537.68	88.0404
1539.15	89.9596
1540.63	87.8586
1542.1	87.899
1543.57	87.9798
1545.05	87.6566
1546.52	87.3333
1547.99	87.1919
1549.46	87.7374
1550.93	88.6263
1552.4	88.5252
1553.87	88.101
1555.34	89.0101
1556.81	86.8889
1558.28	88.404
1559.75	87.4949
1561.22	86.6465
1562.69	87.4546
1564.15	86.3232
1565.62	87.5556
1567.09	85.596
1568.55	88.8081
1570.02	86.8283
1571.48	86.8283
1572.95	86.6869
1574.41	88.0606
1575.88	86.3434
1577.34	87.7374
1578.8	86.2222
1580.27	86.202
1581.73	86.4041
1583.19	85.8586
1584.65	85.8182
1586.11	86.6667
1587.57	86.1616
1589.03	85.6364
1590.49	86.1212
1591.95	86.4242
1593.41	85.798
1594.87	86.5454
1596.33	85.4344
1597.79	85.2526
1599.24	84.202
1600.7	85.4949
1602.16	84.9899
1603.61	85.4545
1605.07	85.0303
1606.52	86.2626
1607.98	85.6768
1609.43	85.1111
1610.89	84.7677
1612.34	84.9091
1613.79	85.9394
1615.25	86.303
1616.7	84.7879
1618.15	84.7879
1619.6	85.7778
1621.05	86
1622.5	83.9394
1623.95	86.2222
1625.4	84.6465
1626.85	86.0202
1628.3	85.9192
1629.75	85.2323
1631.19	85.899
1632.64	85.5556
1634.09	86
1635.54	86.1818
1636.98	85.899
1638.43	86.2424
1639.87	86.0808
1641.32	85.4141
1642.76	86.5859
1644.21	85.6162
1645.65	85.0505
1647.09	86.1616
1648.54	86.2222
1649.98	86.7273
1651.42	85.7172
1652.86	86.8081
1654.31	86.2828
1655.75	85.3334
1657.19	86.3232
1658.63	87.6162
1660.07	87.3738
1661.5	86.5455
1662.94	86
1664.38	87.1919
1665.82	85.6566
1667.26	86.6263
1668.69	87.0101
1670.13	86.3232
1671.57	86.6667
1673	86.3435
1674.44	86.4445
1675.87	87.2727
1677.31	86.5859
1678.74	87.3131
1680.18	86.5455
1681.61	88.0404
1683.04	86.1212
1684.47	87.3737
1685.91	88.1212
1687.34	86.5657
1688.77	87.798
1690.2	87.1313
