-70.621	102.082
-67.3823 102.327
-64.1426 103.306
-60.904	105.959
-57.6664 106.163
-54.43 106
-51.1969 111.265
-47.9627 113.673
-44.7318 118.898
-41.4998 128.408
-38.269	163.184
-35.0414 441.061
-31.8128 3030.69
-28.5874 5585.67
-25.3631 6683.18
-22.1378 7203.8
-18.9157 3343.43
-15.6948 286.571
-12.4728 160.612
-9.25402 182.408
-6.03637 245.143
-2.81982 346.367
0.395628 542.041
3.61213	879.469
6.82538	1418.49
10.0375	2143.22
13.2486	2917.22
16.4585	3693.96
19.6674	4393.84
22.873	5128.65
26.0797	5890.82
29.2852	6670.49
32.4897	7415.67
35.6931	8067.59
38.8932	8574.57
42.0944	9003.59
45.2945	9273.63
48.4914	9463.55
51.6893	9526.98
54.884	9518.08
58.0797	9433.88
61.2723	9289.75
64.4658	9098.94
67.6561	8934.49
70.8454	8779.15
74.0357	8646.94
77.2228	8504.61
80.4088	8368.25
83.5937	8268.04
86.7796	8146.45
89.9623	8064.94
93.144	8007.27
96.3246	7890.82
99.5041	7811.02
102.682	7699.67
105.86	7611.76
109.036	7523.43
112.211	7414.37
115.383	7355.63
118.556	7280.29
121.728	7270.69
124.899	7239.59
128.067	7232.61
131.235	7218.77
134.403	7228.16
137.567	7224.9
140.733	7253.71
143.895	7257.27
147.059	7292.69
150.219	7280.82
153.378	7277.43
156.538	7287.96
159.695	7307.51
162.851	7293.63
166.005	7316.25
169.161	7352.45
172.314	7359.84
175.465	7401.43
178.616	7420.82
181.765	7447.14
184.914	7485.26
188.061	7514.29
191.207	7559.75
194.353	7594.77
197.495	7619.88
200.638	7620.69
203.78	7672.29
206.921	7705.43
210.058	7719.35
213.197	7764.9
216.335	7812.33
219.47 7841.35
222.605	7867.92
225.738	7912.12
228.869	7952.45
232.002	8021.88
235.131	8086.57
238.259	8141.84
241.389	8178.45
244.515	8224.25
247.64	8241.83
250.764	8254.74
253.887	8234.41
257.009	8200.2
260.13	8184.74
263.25	8184.82
266.368	8151.02
269.486	8181.35
272.603	8171.59
275.718	8179.67
278.833	8179.51
281.945	8189.39
285.057	8187.39
288.168	8193.79
291.277	8196.74
294.386	8230.82
297.492	8248.08
300.6	8300.53
303.704	8329.14
306.807	8394.25
309.911	8427.75
313.012	8457.88
316.112	8514.16
319.211	8538.49
322.311	8620.16
325.408	8669.1
328.504	8701.79
331.599	8770.04
334.692	8790.98
337.785	8863.35
340.877	8900.21
343.967	8954.04
347.055	8982.9
350.143	8992.12
353.231	9039.3
356.317	9035.31
359.401	9099.63
362.485	9106.33
365.567	9146.73
368.649	9171.06
371.728	9199.47
374.809	9229.92
377.886	9260.9
380.962	9274.94
384.039	9295.35
387.113	9315.26
390.187	9332.04
393.259	9356.94
396.33	9370.94
399.4	9388.74
402.469	9418.69
405.537	9441.59
408.604	9450.29
411.67	9470.33
414.735	9512.69
417.798	9542.73
420.861	9592.69
423.921	9591.02
426.982	9635.47
430.042	9649.27
433.098	9694
436.156	9731.71
439.211	9793.92
442.265	9810.12
445.319	9836.61
448.371	9876.49
451.422	9952.24
454.473	9980.12
457.522	10012.9
460.57	10011.8
463.616	10004.5
466.662	9998
469.706	10047.9
472.75	10084
475.792	10086.8
478.834	10068.1
481.874	10068.4
484.912	10102.7
487.95	10123.5
490.988	10153
494.022	10175.1
497.058	10201.4
500.09	10237.2
503.124	10247.1
506.154	10261.4
509.186	10312.7
512.214	10343.8
515.241	10377
518.27	10419.8
521.295	10447.2
524.32	10502.1
527.343	10543.3
530.365	10556.4
533.387	10602.6
536.407	10639.6
539.427	10675.6
542.445	10697.1
545.46	10743.8
548.477	10768.2
551.492	10756.9
554.507	10780.3
557.518	10810
560.53	10803.9
563.54	10843.1
566.55	10879.1
569.558	10874.8
572.564	10862.8
575.572	10901.1
578.576	10940
581.58	10964.1
584.582	11016.9
587.583	11035.5
590.584	11101.6
593.583	11155.4
596.582	11456.4
599.579	12239.5
602.576	12842.3
605.571	12517.5
608.566	12067.5
611.558	11577.3
614.55	11376.2
617.542	11331.9
620.53	11342.9
623.52	11365.5
626.507	11365.7
629.492	11406.7
632.479	11378.5
635.463	11382.7
638.445	11348.6
641.427	11359
644.41	11356.8
647.39	11396.9
650.368	11358.3
653.346	11376.2
656.323	11323.2
659.297	11372.9
662.272	11367.6
665.246	11413
668.219	11515
671.189	11643.7
674.16	11776
677.13	11801.1
680.097	11785
683.065	11691
686.03	11657.8
688.994	11676.8
691.959	11709.3
694.921	11756.6
697.883	11791.1
700.843	11847.5
703.802	11904.9
706.76	11931.1
709.718	12002
712.674	12012.1
715.629	12025.3
718.584	12074.8
721.535	12095.2
724.488	12134.6
727.439	12148.8
730.388	12151
733.338	12217.6
736.284	12207
739.232	12230.2
742.177	12251.6
745.123	12269.2
748.065	12284.7
751.007	12322.5
753.948	12354.1
756.888	12418.3
759.827	12505.1
762.765	12656
765.702	12765.9
768.638	12742.5
771.573	12740.7
774.508	12711.6
777.439	12700.9
780.371	12761.6
783.303	12816.2
786.231	12889.1
789.16	12895.8
792.087	12955.7
795.013	13022.1
797.939	13043.6
800.863	13098.1
803.785	13136.4
806.707	13216.3
809.63	13228.7
812.55	13300.5
815.469	13397.6
818.385	13573.1
821.302	13833
824.218	14195.1
827.133	14576.5
830.047	14931.5
832.958	14878.9
835.871	14568.6
838.78	14150.7
841.69	13801.6
844.598	13639.2
847.506	13587.4
850.412	13553.2
853.317	13536.5
856.22	13580.4
859.123	13542.7
862.025	13580.9
864.926	13552.8
867.826	13556.8
870.725	13574.1
873.623	13584.3
876.52	13570.8
879.417	13592
882.31	13586.7
885.204	13607.4
888.096	13623.3
890.988	13662.2
893.878	13698.4
896.768	13709.4
899.656	13713.5
902.543	13736.6
905.429	13769
908.316	13796.7
911.2	13823.6
914.083	13817.4
916.965	13821.9
919.844	13842.4
922.724	13827.7
925.604	13848.6
928.482	13877.3
931.358	13859.6
934.234	13864.6
937.11	13877.1
939.983	13926
942.855	13912.5
945.727	13927.5
948.597	13964.8
951.466	13972.2
954.335	13992.2
957.204	14020.3
960.07	14074.9
962.936	14093.8
965.798	14137.5
968.662	14197.4
971.524	14253.8
974.386	14353.6
977.247	14360.3
980.105	14386.4
982.964	14346.8
985.82	14365.6
988.677	14409.5
991.531	14418.6
994.385	14495.6
997.239	14532.4
1000.09	14527.1
1002.94	14599.8
1005.79	14647.5
1008.64	14646.7
1011.49	14676
1014.33	14733.2
1017.18	14728.1
1020.02	14761.1
1022.87	14769.3
1025.71	14792.1
1028.55	14796.4
1031.39	14852.4
1034.23	14871.9
1037.07	14932.4
1039.91	14995.9
1042.74	15039
1045.58	15096.1
1048.41	15201.5
1051.25	15198.1
1054.08	15279
1056.91	15380.3
1059.74	15524.1
1062.57	15671.5
1065.4	15901.6
1068.23	16038.5
1071.05	16109.8
1073.88	16040.5
1076.7	16006.2
1079.53	16019.5
1082.35	16012
1085.17	16038.1
1087.99	16130.9
1090.81	16114.9
1093.63	16150.3
1096.44	16079.2
1099.26	15988.4
1102.07	15896.5
1104.89	15770.6
1107.7	15753.1
1110.51	15626
1113.32	15615
1116.13	15578.6
1118.94	15553.7
1121.75	15521.3
1124.56	15519.4
1127.36	15509.9
1130.17	15546.2
1132.97	15542
1135.77	15593.6
1138.57	15645.6
1141.37	15749.8
1144.17	15900.1
1146.97	16011.9
1149.77	16151.1
1152.57	16211.1
1155.36	16266.6
1158.16	16292.5
1160.95	16276.9
1163.74	16213.3
1166.54	16203.4
1169.33	16126.8
1172.12	16108.4
1174.9	16136
1177.69	16112
1180.48	16157.4
1183.26	16198.3
1186.05	16225.1
1188.83	16249.7
1191.62	16300.4
1194.4	16355.2
1197.18	16390.2
1199.96	16385.9
1202.73	16481.2
1205.51	16524.5
1208.29	16590.9
1211.06	16600.9
1213.84	16678.9
1216.61	16756.8
1219.38	16798.9
1222.16	16808.1
1224.93	16882.8
1227.7	16912.6
1230.46	16998
1233.23	17069
1236	17250.4
1238.76	17395.1
1241.53	17488.7
1244.29	17670.8
1247.05	17822.6
1249.81	18055.5
1252.58	18301.6
1255.34	18533.2
1258.09	18774.6
1260.85	18950
1263.61	19044.9
1266.36	19046.2
1269.12	18888.4
1271.87	18710.3
1274.62	18396.8
1277.37	18215.8
1280.12	18141.8
1282.87	18074.7
1285.62	17950.6
1288.37	17822.8
1291.12	17673.9
1293.86	17630.3
1296.61	17523.1
1299.35	17458.5
1302.09	17340.9
1304.83	17334.7
1307.57	17269.9
1310.31	17258.4
1313.05	17249
1315.79	17234.9
1318.53	17223.7
1321.26	17164.7
1324	17124.8
1326.73	17131.2
1329.46	17137.1
1332.2	17119.6
1334.93	17149.8
1337.65	17147.4
1340.38	17188.9
1343.11	17239.3
1345.84	17249.3
1348.56	17270.6
1351.29	17237.9
1354.01	17286.6
1356.74	17284.5
1359.46	17280
1362.18	17351.4
1364.9	17351.7
1367.62	17381.4
1370.33	17477.1
1373.05	17551.8
1375.77	17616.4
1378.48	17785.6
1381.2	17832.4
1383.91	17997.2
1386.62	18065.4
1389.33	18109
1392.04	18098.2
1394.75	18055.8
1397.46	18030.7
1400.17	17990.7
1402.87	18042.2
1405.58	18081.3
1408.28	18102.1
1410.98	18194.1
1413.69	18241.1
1416.39	18267.2
1419.09	18266.8
1421.79	18274.4
1424.48	18313.1
1427.18	18295.8
1429.88	18280.7
1432.57	18343
1435.27	18274.7
1437.96	18215.4
1440.65	18169.9
1443.34	18086.3
1446.03	17978.7
1448.73	17922
1451.41	17888.9
1454.1	17845.7
1456.79	17802.7
1459.47	17793.7
1462.16	17762.2
1464.84	17750
1467.52	17794.5
1470.2	17754
1472.89	17788
1475.57	17816.6
1478.24	17813.6
1480.92	17875.5
1483.6	17889.3
1486.27	17954.7
1488.95	17966
1491.62	18011.5
1494.3	18025.1
1496.97	18092
1499.64	18146.4
1502.31	18224.6
1504.98	18247.4
1507.65	18308.9
1510.31	18336.4
1512.98	18376.6
1515.65	18433.1
1518.31	18441.3
1520.97	18499.1
1523.64	18547.9
1526.3	18571.7
1528.96	18616.7
1531.62	18611.2
1534.28	18606.8
1536.93	18612.8
1539.59	18589
1542.25	18643.8
1544.9	18610.2
1547.55	18584.5
1550.21	18657.7
1552.86	18660.1
1555.51	18649.8
1558.16	18616.3
1560.81	18599.2
1563.46	18562.9
1566.1	18604
1568.75	18620.3
1571.39	18707.3
1574.04	19073
1576.68	19389.8
1579.32	20054.3
1581.97	21189.2
1584.61	22954.4
1587.25	24792
1589.88	25489
1592.52	24471.3
1595.16	22609.8
1597.79	20763.5
1600.43	19518.3
1603.06	18972.1
1605.69	18740.5
1608.33	18636.6
1610.96	18578
1613.59	18537.2
1616.22	18564
1618.84	18584.9
1621.47	18569.3
1624.1	18628.3
1626.72	18682
1629.35	18691.9
1631.97	18748.1
1634.59	18734
1637.21	18776.6
1639.83	18856.5
1642.45	18928.4
1645.07	18937.8
1647.69	18960.2
1650.3	18994.7
1652.92	19094.5
1655.54	19095.6
1658.15	19135.4
1660.76	19214.8
1663.38	19227.3
1665.98	19267.5
1668.6	19296.4
1671.2	19360.1
1673.81	19381.2
1676.42	19423.3
1679.03	19587.2
1681.63	19680.5
1684.24	19926.3
1686.84	20261.9
1689.44	20736.9
1692.04	21375.5
1694.64	22022
1697.24	22714.5
1699.84	23295.3
1702.44	23588.9
1705.04	23547.1
1707.63	23274.2
1710.23	22763.1
1712.82	22245
1715.41	21662.7
1718.01	21191.6
1720.6	20770.7
1723.19	20393.3
1725.78	19999.1
1728.37	19947.7
1730.95	19763.2
1733.54	19717.1
1736.13	19703.2
1738.71	19698.1
1741.29	19659.8
1743.88	19618
1746.46	19603.1
1749.04	19630.9
1751.62	19627.3
1754.2	19660.7
1756.78	19663.2
1759.35	19697.1
1761.93	19664.3
1764.51	19656.9
1767.08	19702.4
1769.65	19673.7
1772.23	19665.8
1774.8	19702.3
1777.37	19659.9
1779.94	19716.1
1782.51	19767.5
1785.08	19756.2
1787.64	19775.8
1790.21	19783.8
1792.77	19761.8
1795.34	19796.8
1797.9	19771.6
1800.46	19788
1803.02	19784.8
1805.59	19814.5
1808.14	19794.1
1810.7	19815.1
1813.26	19795.8
1815.82	19820.6
1818.37	19849.1
1820.93	19853.8
1823.48	19844.3
1826.04	19871.7
1828.59	19890.7
1831.14	19916.9
1833.69	19905.6
1836.24	19915.4
1838.79	19910.7
1841.34	19912.5
1843.88	19942.5
1846.43	19970.1
1848.97	19966.8
1851.52	19965.8
1854.06	19993.8
1856.6	19975.5
1859.14	20030.5
1861.68	20005.9
1864.22	20018.1
1866.76	19961
1869.3	20005.4
1871.84	19998.1
1874.37	19992.2
1876.91	20003.1
1879.44	19957.9
1881.97	19956.6
1884.51	19983.3
1887.04	19964.2
1889.57	19977.5
1892.1	19968.3
1894.62	19929.9
1897.15	19909.3
1899.68	19907.6
1902.2	19951.1
1904.73	19939.6
1907.25	19905.4
1909.78	19987.6
1912.3	19926.3
1914.82	19981.4
1917.34	19999.1
1919.86	20007.5
1922.38	19992.6
1924.89	20015.8
1927.41	20046.3
1929.93	20075
1932.44	20118.4
1934.95	20162
1937.47	20171.4
1939.98	20214.1
1942.49	20243.5
1945	20261.2
1947.51	20275.9
1950.02	20290
1952.53	20365.6
1955.03	20424.1
1957.54	20410.3
1960.04	20446.9
1962.55	20496.5
1965.05	20491.8
1967.55	20581.1
1970.05	20594.3
1972.55	20629
1975.05	20609.7
1977.55	20609.9
1980.05	20651.5
1982.55	20668.8
1985.04	20639.2
1987.54	20692.7
1990.03	20640.2
1992.52	20665.3
1995.01	20686.8
1997.51	20714.3
2000	20676.8
2002.49	20676.3
2004.98	20652
2007.46	20698.2
2009.95	20671.3
2012.43	20644.9
2014.92	20656.8
2017.4	20589.6
2019.89	20614.4
2022.37	20593.8
2024.85	20574.5
2027.33	20597.7
2029.81	20579.8
2032.29	20586.4
2034.77	20634.9
2037.24	20614.6
2039.72	20597.5
2042.2	20568.8
2044.67	20608.8
2047.14	20587.2
2049.62	20648.4
2052.09	20706.7
2054.56	20703.8
2057.03	20731.6
2059.5	20845.4
2061.97	20795.3
2064.43	20820
2066.9	20874.1
2069.36	20900.3
2071.83	20998.7
2074.29	21041.5
2076.75	21120.4
2079.21	21085.1
2081.68	21180.1
2084.14	21208.5
2086.59	21264.2
2089.05	21320.2
2091.51	21353.3
2093.97	21393.7
2096.42	21413.6
2098.88	21455.9
2101.33	21475.4
2103.78	21461.5
2106.24	21555.4
2108.69	21557
2111.14	21534
2113.59	21564.1
2116.04	21543.2
2118.48	21578.3
2120.93	21565
2123.38	21586.2
2125.82	21531.2
2128.27	21572.2
2130.71	21521.3
2133.15	21564.3
2135.59	21540.8
2138.03	21500.1
2140.47	21481.1
2142.91	21439.4
2145.35	21456.9
2147.79	21430.1
2150.22	21454.9
2152.66	21422.9
2155.09	21399
2157.52	21355.6
2159.96	21375.5
2162.39	21399.8
2164.82	21387.7
2167.25	21403.9
2169.68	21457.4
2172.11	21417.6
2174.54	21430.2
2176.96	21514.5
2179.39	21536
2181.81	21563.1
2184.24	21557.2
2186.66	21652.5
2189.08	21642.1
2191.5	21672.4
2193.92	21765
2196.34	21813.2
2198.76	21912.9
2201.18	21945.6
2203.6	21961.9
2206.01	22066.5
2208.43	22110
2210.84	22171.3
2213.26	22179.1
2215.67	22272
2218.08	22316.1
2220.49	22396.9
2222.9	22435.7
2225.31	22470.6
2227.72	22563.7
2230.12	22557.1
2232.53	22601.3
2234.94	22686.6
2237.34	22736.2
2239.74	22733.3
2242.15	22761.9
2244.55	22792.3
2246.95	22802
2249.35	22873.3
2251.75	22846.7
2254.15	22866.6
2256.55	22884.8
2258.95	22913.3
2261.34	22962.7
2263.74	22958.7
2266.13	22958.4
2268.52	22996.3
2270.92	22984.4
2273.31	23015.4
2275.7	23009
2278.09	23029.5
2280.48	23022.9
2282.87	22996.3
2285.25	23006.2
2287.64	23038.5
2290.03	23041
2292.41	23039.1
2294.8	23070.3
2297.18	23048.7
2299.56	23122.1
2301.94	23125.6
2304.32	23203
2306.7	23209
2309.08	23248.7
2311.46	23313.4
2313.84	23354.5
2316.21	23369.8
2318.59	23421.6
2320.96	23516.6
2323.34	23550.9
2325.71	23620.4
2328.08	23707.1
2330.45	23739.9
2332.82	23799.9
2335.19	23878.1
2337.56	23951.2
2339.93	24017.1
2342.3	24124.6
2344.66	24200.6
2347.03	24333.1
2349.39	24358.6
2351.76	24419.7
2354.12	24487.1
2356.48	24576.9
2358.84	24625.5
2361.2	24710
2363.56	24780.2
2365.92	24853
2368.28	24879.9
2370.63	24929
2372.99	25032.3
2375.34	25051.9
2377.7	25089.7
2380.05	25163.1
2382.4	25187.6
2384.75	25264.6
2387.11	25321.8
2389.46	25311.7
2391.8	25354.3
2394.15	25415
2396.5	25449
2398.85	25459.9
2401.19	25510
2403.54	25606.9
2405.88	25602
2408.22	25671.8
2410.57	25755.8
2412.91	25742.9
2415.25	25844.4
2417.59	25862.9
2419.93	25940.3
2422.26	25980
2424.6	26002.4
2426.94	26060.2
2429.27	26146.7
2431.61	26242.6
2433.94	26261.8
2436.28	26330.7
2438.61	26429.6
2440.94	26495.5
2443.27	26569.3
2445.6	26660
2447.93	26763.9
2450.26	26840.5
2452.58	26942.6
2454.91	27048.6
2457.23	27115.5
2459.56	27263.8
2461.88	27347.6
2464.21	27476.6
2466.53	27571.2
2468.85	27691.6
2471.17	27791.6
2473.49	27927.6
2475.81	27983
2478.13	28069.8
2480.44	28225.8
2482.76	28352.2
2485.08	28440.9
2487.39	28572.4
2489.7	28672.1
2492.02	28801.9
2494.33	28842
2496.64	28912
2498.95	29035.1
2501.26	29134.5
2503.57	29226.4
2505.88	29330.3
2508.18	29371.7
2510.49	29506.8
2512.8	29510.6
2515.1	29684.7
2517.4	29756.4
2519.71	29787.9
2522.01	29882.2
2524.31	29979.1
2526.61	30037.8
2528.91	30108.7
2531.21	30294.7
2533.51	30309.7
2535.8	30362.9
2538.1	30425.8
2540.4	30509.8
2542.69	30699.3
2544.98	30748.2
2547.28	30789.7
2549.57	30921.8
2551.86	30986.2
2554.15	31133.1
2556.44	31227.1
2558.73	31321.6
2561.02	31358.7
2563.3	31532.8
2565.59	31623.3
2567.88	31745.8
2570.16	31928.2
2572.44	32037.5
2574.73	32189.4
2577.01	32333.7
2579.29	32584.8
2581.57	32701.1
2583.85	32820.3
2586.13	33024.2
2588.41	33255.1
2590.69	33414.9
2592.96	33599.7
2595.24	33794.9
2597.51	34025.5
2599.79	34206.2
2602.06	34413.6
2604.33	34610.9
2606.6	34818
2608.88	34966
2611.15	35253.3
2613.41	35370.8
2615.68	35644.5
2617.95	35862.9
2620.22	36135.4
2622.48	36333.2
2624.75	36601.7
2627.01	36693.1
2629.28	36927.4
2631.54	37165.1
2633.8	37390.3
2636.06	37638.2
2638.32	37785.1
2640.58	38086.8
2642.84	38167.7
2645.1	38466.7
2647.35	38754.3
2649.61	38911.9
2651.87	39218.6
2654.12	39368.9
2656.37	39662.8
2658.63	39782.4
2660.88	40015.8
2663.13	40241.9
2665.38	40448.4
2667.63	40744.7
