804.677	369.429
807.368	368.939
810.058	373.184
812.746	371.878
815.433	373.51
818.119	378.326
820.803	375.184
823.487	369.184
826.169	354.449
828.85	344.367
831.53	338.122
834.207	330.531
836.885	322.694
839.561	320.694
842.236	318.49
844.909	313.837
847.581	313.878
850.252	312.571
852.922	307.714
855.591	307.265
858.258	312.163
860.924	319.837
863.588	337.429
866.252	365.633
868.915	402.49
871.576	446.98
874.236	488.286
876.895	501.755
879.551	483.551
882.208	432.449
884.863	378.612
887.517	331.551
890.17	308.449
892.82	295.265
895.471	288.572
898.12	288.122
900.767	290.612
903.414	298.939
906.059	298.694
908.703	301.306
911.346	294
913.988	288.327
916.628	282.816
919.267	276.898
921.905	278.571
924.542	277.02
927.177	274.367
929.812	278.449
932.445	269.306
935.076	267.714
937.707	264.041
940.337	261.633
942.965	257.061
945.592	257.225
948.217	255.673
950.842	255.837
953.466	257.673
956.088	253.755
958.709	256.327
961.329	251.673
963.947	249.265
966.565	249.959
969.18	247.673
971.796	250.204
974.409	252.408
977.022	255.061
979.633	254.163
982.244	256.082
984.853	262.816
987.46	262.939
990.067	264.449
992.672	273.306
995.276	272.286
997.88	272.408
1000.48	267.143
1003.08	259.592
1005.68	263.102
1008.28	259.347
1010.88	264.286
1013.47	262.653
1016.07	261.673
1018.66	256.122
1021.25	256.041
1023.84	257.51
1026.43	258.327
1029.02	261.184
1031.61	258.612
1034.2	262.163
1036.78	259.918
1039.37	263.837
1041.95	265.592
1044.53	268.245
1047.11	270.327
1049.69	267.592
1052.27	266
1054.84	270.327
1057.42	270
1059.99	268.653
1062.57	274.041
1065.14	278.286
1067.71	277.347
1070.28	282.327
1072.85	283.469
1075.42	284.49
1077.98	289.429
1080.55	291.878
1083.11	299.102
1085.67	306.531
1088.24	307.592
1090.8	318.898
1093.36	332.776
1095.91	359.551
1098.47	381.184
1101.03	386.531
1103.58	369.184
1106.13	349.592
1108.69	321.429
1111.24	301.061
1113.79	291.265
1116.34	276.367
1118.88	270.776
1121.43	266.531
1123.98	265.306
1126.52	264.49
1129.06	263.102
1131.6	271.184
1134.15	272.816
1136.68	269.265
1139.22	271.633
1141.76	268.122
1144.3	267.184
1146.83	267.102
1149.36	268.408
1151.9	268.531
1154.43	269.959
1156.96	273.224
1159.49	284.204
1162.02	296.571
1164.54	316.041
1167.07	321.714
1169.59	322.653
1172.12	310.98
1174.64	291.02
1177.16	276.49
1179.68	275.306
1182.2	270.735
1184.71	271.592
1187.23	273.633
1189.75	272.204
1192.26	273.306
1194.77	276.163
1197.29	280.857
1199.8	283.878
1202.31	296.449
1204.81	303.633
1207.32	316.408
1209.83	326.449
1212.33	336.204
1214.84	346.816
1217.34	357.714
1219.84	364.122
1222.34	371.469
1224.84	373.837
1227.34	370.776
1229.84	363.102
1232.33	359.102
1234.83	354.531
1237.32	338.98
1239.81	330
1242.3	317.469
1244.79	306.571
1247.28	294.653
1249.77	290.49
1252.26	285.184
1254.74	277.918
1257.23	273.674
1259.71	266.082
1262.19	267.837
1264.68	265.551
1267.15	267.469
1269.63	263.878
1272.11	262.367
1274.59	262.041
1277.06	264.122
1279.54	260.857
1282.01	255.796
1284.48	260.367
1286.96	256.367
1289.43	252.204
1291.89	248.775
1294.36	249.143
1296.83	250.204
1299.29	246.082
1301.76	247.429
1304.22	241.388
1306.68	235.796
1309.15	235.388
1311.6	234.327
1314.06	230.408
1316.52	232.449
1318.98	227.469
1321.43	230.245
1323.89	227.143
1326.34	230.204
1328.79	226.082
1331.24	228.122
1333.69	226.98
1336.14	223.51
1338.59	225.878
1341.04	221.837
1343.48	223.429
1345.93	224.204
1348.37	224.286
1350.81	223.714
1353.25	223.592
1355.69	227.429
1358.13	228.776
1360.57	224.98
1363.01	226.163
1365.44	225.469
1367.88	224.898
1370.31	225.02
1372.74	224
1375.17	225.02
1377.6	220.571
1380.03	217.265
1382.46	217.388
1384.89	210.735
1387.31	211.714
1389.74	209.388
1392.16	211.51
1394.58	212.122
1397	211.347
1399.43	209.918
1401.84	215.347
1404.26	207.347
1406.68	207.429
1409.09	204
1411.51	203.673
1413.92	206.612
1416.34	205.061
1418.75	205.429
1421.16	202.531
1423.57	208.612
1425.98	208.49
1428.38	212
1430.79	214.367
1433.19	213.959
1435.6	218.531
1438	214.898
1440.4	211.633
1442.8	213.225
1445.2	211.51
1447.6	213.755
1450	216.816
1452.39	219.51
1454.79	216.49
1457.18	214.286
1459.58	210.408
1461.97	206.857
1464.36	203.714
1466.75	198.122
1469.14	201.306
1471.53	197.551
1473.91	195.02
1476.3	192.939
1478.68	189.878
1481.07	190.735
1483.45	189.02
1485.83	186.612
1488.21	189.388
1490.59	187.469
1492.97	187.143
1495.34	187.878
1497.72	185.633
1500.1	187.061
1502.47	186.816
1504.84	184.122
1507.21	180.816
1509.58	179.429
1511.95	180.449
1514.32	182.735
1516.69	178.367
1519.06	181.347
1521.42	178.694
1523.79	179.429
1526.15	177.388
1528.51	178.694
1530.87	177.388
1533.23	177.714
1535.59	179.265
1537.95	179.673
1540.31	176.449
1542.66	175.796
1545.02	174
1547.37	176.694
1549.72	170.367
1552.07	173.102
1554.42	176.612
1556.77	174.041
1559.12	172.327
1561.47	173.959
1563.82	172.857
1566.16	174.571
1568.51	177.755
1570.85	179.061
1573.19	180.286
1575.53	191.469
1577.87	193.469
1580.21	205.265
1582.55	210.653
1584.88	219.225
1587.22	224.327
1589.56	231.592
1591.89	233.878
1594.22	232.449
1596.55	223.306
1598.88	213.673
1601.21	199.551
1603.54	190.286
1605.87	179.061
1608.2	174.531
1610.52	173.51
1612.85	170.531
1615.17	164.367
1617.49	162.327
1619.81	161.184
1622.13	160.571
1624.45	154.776
1626.77	155.837
1629.09	154.98
1631.4	158.245
1633.72	154.857
1636.03	154
1638.34	150.327
1640.66	154.571
1642.97	153.224
1645.28	150.163
1647.59	149.347
1649.89	146.082
1652.2	146
1654.51	149.51
1656.81	147.225
1659.11	143.265
1661.42	144.694
1663.72	141.633
1666.02	144.041
1668.32	141.429
1670.62	140.245
1672.92	139.51
1675.21	141.224
1677.51	140.367
1679.8	140.041
1682.09	140.735
1684.39	137.184
1686.68	135.306
1688.97	136.939
1691.26	135.878
1693.55	133.51
1695.83	133.959
1698.12	135.959
1700.41	131.796
1702.69	132.245
1704.97	133.469
1707.26	130.082
1709.54	129.673
1711.82	129.102
1714.1	127.143
1716.37	130.449
1718.65	125.918
1720.93	126.857
1723.2	125.429
1725.48	126.163
1727.75	127.102
1730.02	126.122
1732.29	122.775
1734.56	120.612
1736.83	123.306
1739.1	122.776
1741.37	120.776
1743.63	122.694
1745.9	122.245
1748.16	120.041
1750.42	120.041
1752.69	124.408
1754.95	122.571
1757.21	122.571
1759.47	124.776
1761.72	124.694
1763.98	124.98
1766.24	125.51
1768.49	122.367
1770.75	122.286
1773	120.653
1775.25	117.878
1777.5	114.082
1779.75	114.122
1782	113.796
1784.25	112.898
1786.5	111.306
1788.74	108.408
1790.99	109.878
1793.23	108.98
1795.47	106.612
1797.72	109.143
1799.96	106.408
1802.2	106.531
1804.44	107.796
1806.67	104.776
1808.91	103.306
1811.15	103.755
1813.38	104.082
1815.62	103.102
1817.85	100.939
1820.08	99.8775
1822.31	100.98
1824.54	99.1429
1826.77	100.857
1829	98.6122
1831.23	100.49
1833.45	98.8571
1835.68	99.7959
1837.9	97.6327
1840.12	99.6735
1842.35	96.5306
1844.57	98.2041
1846.79	95.8776
1849.01	96.3673
1851.23	96
1853.44	95.551
1855.66	96.8571
1857.87	94.1633
1860.09	94.3673
1862.3	94.9388
1864.51	94.3265
1866.73	92.7347
1868.94	94.1224
1871.15	93.0204
1873.35	92.5714
1875.56	90.9388
1877.77	91.4694
1879.97	92.3265
1882.18	93.3469
1884.38	90.5714
1886.58	89.8775
1888.79	90.6939
1890.99	89.6735
1893.19	88.8163
1895.39	87.6735
1897.58	87.1837
1899.78	88.3265
1901.98	87.2653
1904.17	87.0612
1906.36	85.9592
1908.56	86.4898
1910.75	86.6122
1912.94	86.4082
1915.13	87.2245
1917.32	86.2041
1919.51	84.6939
1921.69	86.6939
1923.88	84.8572
1926.07	84.2857
1928.25	85.3469
1930.43	83.2245
1932.61	83.551
1934.8	83.0204
1936.98	83.1837
1939.16	82.9388
1941.33	82.6122
1943.51	81.4694
1945.69	82.6939
1947.86	82.9388
1950.04	80.9796
1952.21	81.4694
1954.38	82.3674
1956.56	81.6735
1958.73	80.4898
1960.9	78.9388
1963.07	79.5102
1965.23	79.9592
1967.4	77.7143
1969.57	77.9592
1971.73	79.7551
1973.9	79.2653
1976.06	78.3674
1978.22	77.5918
1980.38	78.5714
1982.54	77.5102
1984.7	78.2857
1986.86	78.3265
1989.02	78.4898
1991.17	76.3673
1993.33	75.9184
1995.48	73.3469
1997.64	75.2653
1999.79	75.551
2001.94	76.0408
2004.09	75.1837
2006.24	75.4286
2008.39	74.0408
2010.54	74.1225
2012.69	74.9796
2014.83	74.8571
2016.98	75.5102
2019.12	73.2653
2021.27	72.7347
2023.41	72.6123
2025.55	72.898
2027.69	72.3673
2029.83	72.0816
2031.97	74.4082
2034.1	72.6531
2036.24	73.1429
2038.38	71.0612
2040.51	70.0408
2042.65	70.6122
2044.78	69.6327
2046.91	69.1429
2049.04	70.0408
2051.17	70
2053.3	69.7959
2055.43	69.1837
2057.56	69.2653
2059.68	70.1225
2061.81	70.1224
2063.93	69.2653
2066.06	69.3878
2068.18	69.2653
2070.3	65.9184
2072.42	68.0408
2074.54	67.2245
2076.66	66.4898
2078.78	68.4082
2080.9	66.4898
2083.01	67.4694
2085.13	68.3674
2087.24	67.102
2089.35	67.7143
2091.47	67.3469
2093.58	66.9796
2095.69	65.551
2097.8	63.7959
2099.91	65.7959
2102.01	66.5714
2104.12	65.7551
2106.23	65.0204
2108.33	64.6531
2110.44	66.7347
2112.54	64.2041
2114.64	64.3673
2116.74	64.9796
2118.84	64.1633
2120.94	63.2653
2123.04	63.1837
2125.14	64.1633
2127.24	62.2857
2129.33	64.2449
2131.43	63.551
2133.52	63.1429
2135.61	64.4082
2137.71	62.2857
2139.8	61.4694
2141.89	63.3061
2143.98	61.551
2146.07	62.2857
2148.15	60.8163
2150.24	62.7347
2152.33	62.6122
2154.41	60.3265
2156.49	62.2449
2158.58	62.5714
2160.66	61.0204
2162.74	60.898
2164.82	61.1837
2166.9	61.0612
2168.98	62.4082
2171.06	61.5102
2173.13	59.3061
2175.21	60
2177.28	61.4694
2179.36	60.1225
2181.43	59.6735
2183.5	59.7143
2185.57	58.6939
2187.64	58.8163
2189.71	59.3469
2191.78	59.6327
2193.85	57.9592
2195.92	58.9388
2197.98	59.0612
2200.05	56.8163
2202.11	57.9184
2204.17	59.1429
2206.24	57.8776
2208.3	57.3878
2210.36	57.8367
2212.42	58.1224
2214.48	58.449
2216.53	58.4082
2218.59	58.6939
2220.65	56.0816
2222.7	57.4694
2224.76	57.5918
2226.81	56.5306
2228.86	55.5918
2230.91	56.0816
2232.96	56.5306
2235.01	56.0408
2237.06	56.1225
2239.11	55.9184
2241.16	55.5918
2243.2	54.449
2245.25	55.4286
2247.29	56.2449
2249.34	54.3265
2251.38	55.4286
2253.42	53.9592
2255.46	55.3877
2257.5	56
2259.54	54.9796
2261.58	52.7755
2263.61	54.6531
2265.65	54.5306
2267.69	54.2449
2269.72	54.8571
2271.75	54.6939
2273.79	53.3061
2275.82	54.0816
2277.85	53.7143
2279.88	53.7959
2281.91	55.1837
2283.94	53.9592
2285.97	52.6939
2287.99	52.5714
2290.02	52.1633
2292.04	53.4694
2294.07	53.3061
2296.09	52.5306
2298.11	51.8367
2300.13	53.9592
2302.15	52.0408
2304.17	53.1837
2306.19	52.9796
2308.21	52.6939
2310.23	52.5714
2312.24	52.6122
2314.26	52.1633
2316.27	52.1633
2318.29	52.7755
2320.3	52.898
2322.31	51.7959
2324.32	50.8163
2326.33	52.2041
2328.34	50.3265
2330.35	50.4082
2332.36	50.6939
2334.36	50.4898
2336.37	49.4694
2338.37	50.5714
2340.38	50.9388
2342.38	50.0816
2344.38	50.7347
2346.38	49.8367
2348.38	50.9796
2350.38	50.6122
2352.38	50.9388
2354.38	50.3674
2356.38	50.2041
2358.37	49.4694
2360.37	50.8571
2362.36	49.9592
2364.35	49.7143
2366.35	48.8163
2368.34	49.6735
2370.33	49.9184
2372.32	48.8571
2374.31	50.4082
2376.3	48.9388
2378.28	49.5918
2380.27	50.449
2382.26	48.4898
2384.24	48.3265
2386.22	49.7959
2388.21	48.9388
2390.19	48.3673
2392.17	49.2245
2394.15	48.898
2396.13	48.0816
2398.11	48.8571
2400.09	48.3265
2402.07	48.9796
2404.04	49.9592
2406.02	48.1224
2407.99	47.8367
2409.97	47.7959
2411.94	47.8367
2413.91	47.1429
2415.88	47.3469
2417.85	47.2245
2419.82	47.551
2421.79	48.3265
2423.76	46.6122
2425.72	46.898
2427.69	47.8776
2429.66	47.3061
2431.62	47.7143
2433.58	46.9388
2435.55	45.9184
2437.51	47.1429
2439.47	48
2441.43	46.9796
2443.39	45.2245
2445.35	47.2653
2447.3	46.8163
2449.26	47.7551
2451.22	46.0408
2453.17	47.1429
2455.13	47.2245
2457.08	47.1429
2459.03	47.3469
2460.98	46
2462.93	46.1225
2464.88	45.7551
2466.83	45.6327
2468.78	45.7143
2470.73	45.0204
2472.67	45.5918
2474.62	45.6327
2476.57	45.7551
2478.51	46.0816
2480.45	44.9388
2482.39	47.1837
2484.34	45.3469
2486.28	45.4694
2488.22	45.5102
2490.16	45.0204
2492.09	45.0204
2494.03	44.7347
2495.97	44.449
2497.9	44.3674
2499.84	45.2245
2501.77	44.2857
2503.71	43.3061
2505.64	46.0408
2507.57	44.2449
2509.5	45.1429
2511.43	44.9796
2513.36	44.5306
2515.29	44.4898
2517.21	44.3265
2519.14	44.3674
2521.07	44.4898
2522.99	43.8775
2524.92	44.6531
2526.84	43.9184
2528.76	43.6327
2530.68	44.2449
2532.6	43.9592
2534.52	44.1224
2536.44	44.1224
2538.36	43.9184
2540.28	43.8776
2542.19	43.6735
2544.11	43.102
2546.03	42.8163
2547.94	44.6122
2549.85	42.7755
2551.77	43.7551
2553.68	43.1429
2555.59	42.9388
2557.5	42.8163
2559.41	43.4286
2561.32	44.2449
2563.22	44.7755
2565.13	43.9592
2567.04	42.7755
2568.94	42.6122
2570.84	43.0204
2572.75	43.1429
2574.65	43.2653
2576.55	42.3265
2578.45	42.9388
2580.35	43.5918
2582.25	41.6735
2584.15	42.2041
2586.05	42.8571
2587.95	42.9388
2589.84	43.6326
2591.74	42
2593.63	42.6531
2595.53	41.6735
2597.42	42.3673
2599.31	42.9388
2601.2	40.6122
2603.09	41.9592
2604.98	42.1633
2606.87	40.6939
2608.76	41.4286
2610.65	41.4694
2612.53	41.6327
2614.42	41.5918
2616.3	41.4694
2618.19	39.9592
2620.07	41.9592
2621.95	41.2653
2623.83	41.2653
2625.71	41.3061
2627.59	41.3469
2629.47	41.5102
2631.35	41.9184
2633.23	40.0408
2635.11	40.4082
2636.98	39.9592
2638.86	41.0612
2640.73	41.6327
2642.6	39.7551
2644.48	41.2653
2646.35	40.6531
2648.22	40.7347
2650.09	41.4286
2651.96	40.4898
2653.83	42.0408
2655.7	40.1225
2657.56	40.2857
2659.43	41.4286
2661.3	41.102
2663.16	41.6735
2665.02	38.8163
2666.89	41.3877
2668.75	41.2653
2670.61	39.7551
2672.47	39.2653
2674.33	40.5714
2676.19	39.7143
2678.05	40.4898
2679.91	40
2681.76	39.6327
2683.62	40
2685.47	40.2857
2687.33	39.6327
2689.18	38.4898
2691.03	39.9592
2692.89	38.7347
2694.74	40.0408
2696.59	39.8367
2698.44	39.4694
2700.29	40.8571
2702.13	41.3469
2703.98	40.2857
2705.83	41.2245
2707.67	40.7755
2709.52	40.5306
2711.36	39.7143
2713.2	40.2857
2715.05	40.6939
2716.89	39.3061
2718.73	40.9796
2720.57	39.6735
2722.41	40
2724.25	39.4694
2726.09	38.8163
2727.92	39.102
2729.76	39.3878
2731.59	38.4082
2733.43	39.4286
2735.26	39.5102
2737.1	39.102
2738.93	39.6735
2740.76	39.5102
2742.59	38.4082
2744.42	38.8571
2746.25	39.9592
2748.08	38.9796
2749.9	38.0816
2751.73	40
2753.56	40.1633
2755.38	38.2041
2757.21	39.4286
2759.03	39.5102
2760.85	39.3877
2762.68	38.898
2764.5	38.3673
2766.32	39.4694
2768.14	38.2041
2769.96	39.9184
2771.77	38.0408
2773.59	38.4898
2775.41	39.551
2777.22	39.6327
2779.04	39.3061
2780.85	39.2245
2782.67	38.6531
2784.48	37.7551
2786.29	38.5714
2788.1	38.0816
2789.91	37.9592
2791.72	38.6122
2793.53	38.2449
2795.34	39.3469
2797.15	37.9184
2798.95	38.4082
2800.76	38.6123
2802.57	39.0612
2804.37	39.2653
2806.17	39.3469
2807.98	38.0408
2809.78	38.7347
2811.58	37.5918
2813.38	38.0816
2815.18	38.7755
2816.98	38.7755
2818.78	38.0816
2820.57	38.6531
2822.37	38.4082
2824.17	38.5306
2825.96	38.449
2827.76	38.6531
2829.55	38.6122
2831.34	38.6531
2833.13	38.6122
2834.93	37.9184
2836.72	38
2838.51	38.2041
2840.3	38.6531
2842.08	39.1837
2843.87	37.4694
2845.66	39.5102
2847.44	39.6735
2849.23	38.3265
2851.01	40
2852.8	39.8367
2854.58	39.0612
2856.36	39.8776
2858.14	40.8571
2859.92	41.3878
2861.7	42.0816
2863.48	43.7551
2865.26	42.449
2867.04	40.7755
2868.82	42.2857
2870.59	41.5918
2872.37	41.3061
2874.14	42.5306
2875.92	41.3061
2877.69	42.0816
2879.46	41.9592
2881.23	40.3673
2883	41.3061
2884.77	41.8367
2886.54	41.4286
2888.31	41.3469
2890.08	40.9388
2891.85	40.6531
2893.61	41.8775
2895.38	41.5918
2897.14	40.898
2898.91	41.6735
2900.67	41.3469
2902.43	41.7143
2904.2	40.8163
2905.96	41.5918
2907.72	40.6122
2909.48	42.0408
2911.24	40.6939
2912.99	41.0204
2914.75	40.898
2916.51	40.7755
2918.26	40.6531
2920.02	40.5306
2921.77	40.8163
2923.53	40.0816
2925.28	39.9592
2927.03	40.3673
2928.78	40.6123
2930.53	39.7143
2932.28	40.2857
2934.03	40.3673
2935.78	40.1224
2937.53	38.9388
2939.28	40.898
2941.02	39.7143
2942.77	39.6327
2944.51	39.7959
2946.26	39.0204
2948	39.6327
2949.74	38.7347
2951.48	38.3674
2953.23	38.449
2954.97	40.2449
2956.71	40.449
2958.44	38.4898
2960.18	40.0816
2961.92	39.8775
2963.66	39.3878
2965.39	39.5918
2967.13	38.2041
2968.86	39.3061
2970.6	38.5714
2972.33	38.0816
2974.06	37.7143
2975.79	38.7347
2977.52	39.1429
2979.25	38
2980.98	38.6122
2982.71	38.0408
2984.44	38.2041
2986.17	37.102
2987.89	37.3469
2989.62	36.6531
