804.677	165.265
807.368	164.408
810.058	162.449
812.746	164.041
815.433	160.204
818.119	163.755
820.803	167.143
823.487	169.143
826.169	170.612
828.85	172.776
831.53	175.388
834.207	173.837
836.885	170.49
839.561	170.122
842.236	170.775
844.909	169.429
847.581	167.878
850.252	169.633
852.922	171.388
855.591	171.469
858.258	169.184
860.924	171.061
863.588	166.449
866.252	167.714
868.915	165.102
871.576	166.612
874.236	164.041
876.895	166.163
879.551	164.857
882.208	164.776
884.863	164.408
887.517	166.898
890.17	168.163
892.82	167.469
895.471	168.857
898.12	165.184
900.767	161.469
903.414	159.633
906.059	159.388
908.703	155.429
911.346	157.347
913.988	156.612
916.628	155.102
919.267	155.02
921.905	155.918
924.542	155.469
927.177	155.02
929.812	158.49
932.445	153.306
935.076	155.306
937.707	153.469
940.337	154.735
942.965	154.122
945.592	154.245
948.217	154.041
950.842	153.592
953.466	155.224
956.088	156.571
958.709	158.531
961.329	158.041
963.947	154.735
966.565	161.347
969.18	164.98
971.796	168.735
974.409	180.612
977.022	187.837
979.633	208.694
982.244	257.306
984.853	350.612
987.46	446.163
990.067	498.531
992.672	472.408
995.276	350.082
997.88	234.082
1000.48	185.837
1003.08	168.939
1005.68	164.816
1008.28	169.714
1010.88	177.469
1013.47	202.122
1016.07	225.837
1018.66	241.673
1021.25	246.898
1023.84	231.51
1026.43	209.633
1029.02	188.041
1031.61	174.694
1034.2	166.367
1036.78	165.388
1039.37	164.041
1041.95	163.673
1044.53	160.367
1047.11	165.51
1049.69	164.531
1052.27	168.204
1054.84	168.408
1057.42	170.49
1059.99	171.592
1062.57	169.429
1065.14	168.735
1067.71	168.531
1070.28	168.571
1072.85	168.898
1075.42	164.49
1077.98	166.367
1080.55	169.143
1083.11	166
1085.67	166.857
1088.24	166.612
1090.8	166.204
1093.36	159.388
1095.91	161.347
1098.47	159.469
1101.03	157.429
1103.58	158.531
1106.13	155.51
1108.69	157.347
1111.24	154.939
1113.79	157.918
1116.34	156.612
1118.88	155.714
1121.43	153.837
1123.98	156.735
1126.52	155.837
1129.06	156.408
1131.6	160.367
1134.15	167.102
1136.68	177.673
1139.22	183.143
1141.76	191.429
1144.3	194.98
1146.83	191.837
1149.36	181.184
1151.9	172.694
1154.43	169.673
1156.96	171.224
1159.49	172.327
1162.02	175.551
1164.54	187.306
1167.07	199.265
1169.59	207.388
1172.12	208.408
1174.64	207.837
1177.16	204
1179.68	205.878
1182.2	204.898
1184.71	208.531
1187.23	212.98
1189.75	212.041
1192.26	208.98
1194.77	200.408
1197.29	198.694
1199.8	193.837
1202.31	189.143
1204.81	186.449
1207.32	186.816
1209.83	185.673
1212.33	186.163
1214.84	184.286
1217.34	184.857
1219.84	185.796
1222.34	182.735
1224.84	187.184
1227.34	186.082
1229.84	186.939
1232.33	186.98
1234.83	186.98
1237.32	186.571
1239.81	186.163
1242.3	186.939
1244.79	184.041
1247.28	183.061
1249.77	186.571
1252.26	184.776
1254.74	184.612
1257.23	182.939
1259.71	178.327
1262.19	174.612
1264.68	176.571
1267.15	175.143
1269.63	174.775
1272.11	176.694
1274.59	171.673
1277.06	170.939
1279.54	173.551
1282.01	171.02
1284.48	170.694
1286.96	174.367
1289.43	172.98
1291.89	169.714
1294.36	171.388
1296.83	168.735
1299.29	169.224
1301.76	170.245
1304.22	168.612
1306.68	169.061
1309.15	167.959
1311.6	169.673
1314.06	173.102
1316.52	168.49
1318.98	166.204
1321.43	167.102
1323.89	166.286
1326.34	162.122
1328.79	160.694
1331.24	160.327
1333.69	157.143
1336.14	157.02
1338.59	155.878
1341.04	155.878
1343.48	154.245
1345.93	154.531
1348.37	153.755
1350.81	152.49
1353.25	152.98
1355.69	152.531
1358.13	153.469
1360.57	150.408
1363.01	148.531
1365.44	149.224
1367.88	147.551
1370.31	147.469
1372.74	145.184
1375.17	145.388
1377.6	143.551
1380.03	143.51
1382.46	140.327
1384.89	143.429
1387.31	140.653
1389.74	141.755
1392.16	141.51
1394.58	139.551
1397	138.898
1399.43	141.429
1401.84	139.714
1404.26	140.857
1406.68	140.041
1409.09	138.857
1411.51	138.408
1413.92	139.592
1416.34	137.469
1418.75	142.122
1421.16	142.327
1423.57	145.388
1425.98	148.204
1428.38	150.408
1430.79	151.673
1433.19	154.816
1435.6	160
1438	158.49
1440.4	155.878
1442.8	152.857
1445.2	153.184
1447.6	146.612
1450	140.816
1452.39	138.449
1454.79	134.857
1457.18	135.878
1459.58	135.918
1461.97	133.429
1464.36	133.224
1466.75	131.102
1469.14	129.959
1471.53	131.184
1473.91	132.653
1476.3	131.796
1478.68	130.898
1481.07	132.735
1483.45	129.061
1485.83	129.796
1488.21	128.735
1490.59	129.306
1492.97	127.061
1495.34	126.449
1497.72	126.041
1500.1	126.816
1502.47	123.51
1504.84	125.673
1507.21	126.163
1509.58	125.429
1511.95	127.714
1514.32	125.837
1516.69	122.776
1519.06	123.51
1521.42	125.878
1523.79	123.306
1526.15	124.653
1528.51	120.204
1530.87	123.51
1533.23	123.837
1535.59	125.061
1537.95	122.531
1540.31	124.245
1542.66	124.327
1545.02	119.51
1547.37	122.122
1549.72	122.408
1552.07	122.408
1554.42	123.837
1556.77	121.143
1559.12	123.429
1561.47	121.673
1563.82	127.265
1566.16	130.694
1568.51	135.959
1570.85	143.51
1573.19	141.959
1575.53	138.449
1577.87	135.755
1580.21	136.857
1582.55	137.347
1584.88	146
1587.22	159.347
1589.56	168.204
1591.89	174.612
1594.22	165.633
1596.55	154.286
1598.88	140.245
1601.21	130.367
1603.54	123.551
1605.87	117.347
1608.2	116.367
1610.52	116.653
1612.85	114.041
1615.17	114.776
1617.49	112.694
1619.81	111.388
1622.13	108.694
1624.45	108.816
1626.77	108.857
1629.09	107.959
1631.4	106.653
1633.72	107.633
1636.03	106.898
1638.34	105.878
1640.66	103.673
1642.97	107.224
1645.28	103.347
1647.59	104.939
1649.89	105.061
1652.2	101.959
1654.51	104.49
1656.81	103.224
1659.11	101.429
1661.42	102.653
1663.72	100.98
1666.02	103.143
1668.32	100.735
1670.62	98.3674
1672.92	99.8367
1675.21	98.6531
1677.51	101.796
1679.8	98.2449
1682.09	97.0204
1684.39	99.3061
1686.68	97.3878
1688.97	96.6939
1691.26	95.2245
1693.55	96.9796
1695.83	95.8776
1698.12	95.1429
1700.41	95.0612
1702.69	96
1704.97	95.0612
1707.26	95.1429
1709.54	91.8775
1711.82	93.9592
1714.1	92.4082
1716.37	93.3878
1718.65	92.2857
1720.93	89.2653
1723.2	92.0816
1725.48	90.898
1727.75	90.7347
1730.02	88.9796
1732.29	88.2449
1734.56	88.2041
1736.83	85.8367
1739.1	89.1429
1741.37	86.0816
1743.63	85.5102
1745.9	84.2449
1748.16	86.3673
1750.42	86.6531
1752.69	84.2041
1754.95	84.3673
1757.21	84.449
1759.47	84.7755
1761.72	84.6531
1763.98	83.5102
1766.24	83.1837
1768.49	82.0816
1770.75	81.4286
1773	81.2245
1775.25	82.6122
1777.5	79.9184
1779.75	80.6122
1782	80.449
1784.25	78.0816
1786.5	77.1837
1788.74	78.0816
1790.99	79.2245
1793.23	78.8571
1795.47	80
1797.72	79.7143
1799.96	78.1633
1802.2	78.8571
1804.44	77.5102
1806.67	76.6939
1808.91	75.7551
1811.15	75.1021
1813.38	75.7959
1815.62	74.8163
1817.85	74.2041
1820.08	75.2245
1822.31	74.6122
1824.54	75.0204
1826.77	72.4082
1829	72.2041
1831.23	71.7959
1833.45	73.4694
1835.68	72.6939
1837.9	72.0816
1840.12	72.5714
1842.35	71.9184
1844.57	71.5102
1846.79	69.5918
1849.01	69.4694
1851.23	70.653
1853.44	69.6327
1855.66	70.7755
1857.87	69.8367
1860.09	69.3878
1862.3	69.3878
1864.51	70.1225
1866.73	68.6939
1868.94	68.8163
1871.15	67.6735
1873.35	70.3265
1875.56	67.0612
1877.77	68.1224
1879.97	67.1428
1882.18	68.2449
1884.38	68.3265
1886.58	67.5918
1888.79	68.0408
1890.99	66.5306
1893.19	68.7755
1895.39	67.4286
1897.58	64.9388
1899.78	65.7143
1901.98	67.8775
1904.17	65.4694
1906.36	65.6735
1908.56	64
1910.75	65.5919
1912.94	65.4694
1915.13	65.347
1917.32	64.2449
1919.51	64.0408
1921.69	64.6939
1923.88	64.6531
1926.07	63.3878
1928.25	65.0204
1930.43	63.7551
1932.61	63.0204
1934.8	63.5919
1936.98	63.0204
1939.16	63.7959
1941.33	62.5714
1943.51	62.6122
1945.69	63.0612
1947.86	61.551
1950.04	62.8163
1952.21	63.0204
1954.38	62.9796
1956.56	60
1958.73	62.0816
1960.9	60.7347
1963.07	59.6735
1965.23	61.1837
1967.4	61.6326
1969.57	60.6531
1971.73	61.7959
1973.9	61.7959
1976.06	60.449
1978.22	61.102
1980.38	60.7755
1982.54	60.6531
1984.7	57.4694
1986.86	60.6122
1989.02	59.9592
1991.17	59.6327
1993.33	57.3469
1995.48	59.0204
1997.64	57.0612
1999.79	59.102
2001.94	59.5918
2004.09	58.8163
2006.24	58.0408
2008.39	58.449
2010.54	57.9592
2012.69	59.7959
2014.83	57.6735
2016.98	57.1429
2019.12	58.3265
2021.27	58.6122
2023.41	56.0816
2025.55	56.4082
2027.69	57.3469
2029.83	58.3673
2031.97	57.5918
2034.1	56.8163
2036.24	56.8163
2038.38	57.7551
2040.51	56.5714
2042.65	56.8163
2044.78	56.8163
2046.91	56.2041
2049.04	56.5714
2051.17	55.9592
2053.3	55.3061
2055.43	55.8776
2057.56	55.4694
2059.68	55.7551
2061.81	56.8571
2063.93	55.3469
2066.06	55.7551
2068.18	54.8163
2070.3	55.551
2072.42	55.3061
2074.54	54.4898
2076.66	54
2078.78	53.4286
2080.9	55.1429
2083.01	54.0408
2085.13	55.2245
2087.24	54.2857
2089.35	53.2653
2091.47	54.3265
2093.58	53.8775
2095.69	53.5102
2097.8	53.7143
2099.91	52.4898
2102.01	53.4286
2104.12	53.4286
2106.23	51.4694
2108.33	53.2245
2110.44	52.898
2112.54	55.0612
2114.64	53.7959
2116.74	51.9592
2118.84	51.7551
2120.94	52.9796
2123.04	51.5102
2125.14	52.2857
2127.24	51.9592
2129.33	51.9184
2131.43	50.898
2133.52	52.2041
2135.61	52.1633
2137.71	52.6531
2139.8	51.6735
2141.89	52.5306
2143.98	51.0204
2146.07	51.1429
2148.15	52.2857
2150.24	52
2152.33	50.9388
2154.41	51.551
2156.49	50.6122
2158.58	51.9184
2160.66	52.7347
2162.74	50.2041
2164.82	49.8775
2166.9	51.7959
2168.98	50.449
2171.06	49.9184
2173.13	50.0816
2175.21	50.0816
2177.28	50.6939
2179.36	50.3674
2181.43	50.449
2183.5	48.7347
2185.57	51.3061
2187.64	49.3061
2189.71	50.1633
2191.78	50.3265
2193.85	50.7755
2195.92	49.5102
2197.98	50.2449
2200.05	49.3469
2202.11	49.6327
2204.17	50.449
2206.24	49.3061
2208.3	48.7347
2210.36	50.0408
2212.42	48.3265
2214.48	48.8571
2216.53	48.3265
2218.59	48.7755
2220.65	48.2041
2222.7	48.898
2224.76	48.6939
2226.81	48.3265
2228.86	48.4898
2230.91	47.4694
2232.96	46.9388
2235.01	49.7551
2237.06	48.449
2239.11	47.6735
2241.16	47.7143
2243.2	48.3265
2245.25	48.2449
2247.29	48.5306
2249.34	47.8776
2251.38	47.0612
2253.42	48.4898
2255.46	47.7959
2257.5	47.5102
2259.54	46.7347
2261.58	48.0816
2263.61	45.9184
2265.65	45.9592
2267.69	48.2857
2269.72	48.3265
2271.75	47.0204
2273.79	46.3265
2275.82	47.1837
2277.85	46.5306
2279.88	46.2857
2281.91	45.5102
2283.94	46.4898
2285.97	46.1224
2287.99	44.4898
2290.02	44.6939
2292.04	47.0612
2294.07	46.0816
2296.09	46.1633
2298.11	46.7755
2300.13	46.1225
2302.15	47.0612
2304.17	47.0612
2306.19	46.449
2308.21	46.5714
2310.23	45.2653
2312.24	45.7143
2314.26	44.898
2316.27	46.4082
2318.29	46.449
2320.3	45.1429
2322.31	47.5918
2324.32	46.2041
2326.33	44.6939
2328.34	44.6122
2330.35	44.5306
2332.36	45.3061
2334.36	44.6939
2336.37	44.9388
2338.37	45.0204
2340.38	45.7959
2342.38	45.1429
2344.38	44.6531
2346.38	44.6939
2348.38	45.5918
2350.38	43.8776
2352.38	44.9388
2354.38	43.7959
2356.38	45.1837
2358.37	45.7959
2360.37	43.551
2362.36	44.5306
2364.35	43.551
2366.35	44.5714
2368.34	44.3265
2370.33	44.1224
2372.32	44.6122
2374.31	43.7143
2376.3	44.7347
2378.28	43.2653
2380.27	43.8775
2382.26	44.6531
2384.24	44.6122
2386.22	44.3265
2388.21	43.8775
2390.19	43.6735
2392.17	43.9184
2394.15	43.5918
2396.13	43.4286
2398.11	42.9796
2400.09	43.4694
2402.07	43.1429
2404.04	43.2653
2406.02	44.2041
2407.99	43.7551
2409.97	43.8367
2411.94	43.4694
2413.91	41.9592
2415.88	43.5918
2417.85	43.5102
2419.82	42.8163
2421.79	42.9388
2423.76	42.2449
2425.72	43.3878
2427.69	42
2429.66	42.4082
2431.62	42.4082
2433.58	41.7551
2435.55	43.3469
2437.51	42.9796
2439.47	41.6735
2441.43	43.102
2443.39	42.8163
2445.35	43.3061
2447.3	42.3674
2449.26	42.3674
2451.22	43.0612
2453.17	42.1633
2455.13	42.1633
2457.08	41.5918
2459.03	42.9388
2460.98	41.8367
2462.93	41.6327
2464.88	42.0816
2466.83	42.5306
2468.78	42.898
2470.73	41.551
2472.67	41.9592
2474.62	42.0816
2476.57	41.102
2478.51	43.102
2480.45	41.6327
2482.39	42.3673
2484.34	42.3265
2486.28	42.3673
2488.22	40.2857
2490.16	40.1224
2492.09	43.5102
2494.03	41.1429
2495.97	41.0612
2497.9	42.7755
2499.84	40.9796
2501.77	40.7347
2503.71	41.4694
2505.64	40.4082
2507.57	41.2653
2509.5	40.898
2511.43	40
2513.36	41.2245
2515.29	41.4286
2517.21	40.8163
2519.14	40.1224
2521.07	40.4082
2522.99	40
2524.92	41.8367
2526.84	39.9184
2528.76	40.5306
2530.68	41.0612
2532.6	41.0204
2534.52	39.8776
2536.44	40.2041
2538.36	41.5918
2540.28	41.1837
2542.19	40.1633
2544.11	41.8367
2546.03	40.4082
2547.94	41.2653
2549.85	40.8163
2551.77	40.4082
2553.68	40.898
2555.59	42.2041
2557.5	40.2449
2559.41	40.7755
2561.32	40.8571
2563.22	39.8367
2565.13	40.2041
2567.04	39.551
2568.94	41.102
2570.84	40.6531
2572.75	39.1837
2574.65	41.3469
2576.55	39.3878
2578.45	39.5918
2580.35	40.5306
2582.25	41.0204
2584.15	39.8775
2586.05	40.1224
2587.95	40.5714
2589.84	40.8163
2591.74	40.2041
2593.63	40.2041
2595.53	40.0408
2597.42	40.0408
2599.31	39.8367
2601.2	39.7143
2603.09	38.8571
2604.98	39.0204
2606.87	39.7959
2608.76	39.5918
2610.65	39.2653
2612.53	39.8776
2614.42	40.1633
2616.3	40.4082
2618.19	38.449
2620.07	38.9388
2621.95	39.8776
2623.83	39.5918
2625.71	40.6122
2627.59	38.2857
2629.47	39.4694
2631.35	39.3469
2633.23	39.0612
2635.11	39.8776
2636.98	38.6531
2638.86	39.6326
2640.73	39.0612
2642.6	38.9388
2644.48	38.3265
2646.35	39.551
2648.22	39.5102
2650.09	39.2653
2651.96	39.0204
2653.83	38.6939
2655.7	39.1837
2657.56	39.8367
2659.43	39.3469
2661.3	38.6531
2663.16	38.7755
2665.02	39.5918
2666.89	39.1837
2668.75	39.3061
2670.61	39.1429
2672.47	38.2041
2674.33	38.1225
2676.19	39.3061
2678.05	39.1429
2679.91	39.0612
2681.76	38.6531
2683.62	39.2653
2685.47	39.3878
2687.33	38
2689.18	38.9796
2691.03	38.6531
2692.89	38.4898
2694.74	37.3469
2696.59	38.8571
2698.44	37.9592
2700.29	39.7143
2702.13	38.449
2703.98	38.2857
2705.83	38.2857
2707.67	38.898
2709.52	38.1633
2711.36	38.0408
2713.2	39.5102
2715.05	37.9184
2716.89	38.4898
2718.73	37.2245
2720.57	38
2722.41	38.5306
2724.25	38.8571
2726.09	38.7755
2727.92	38.6939
2729.76	37.9592
2731.59	39.2653
2733.43	37.7959
2735.26	38.6939
2737.1	39.2245
2738.93	38.5306
2740.76	37.551
2742.59	37.8367
2744.42	36.9388
2746.25	37.3878
2748.08	38.0408
2749.9	37.4286
2751.73	37.5918
2753.56	39.3061
2755.38	38.4898
2757.21	37.8776
2759.03	38.5306
2760.85	37.8367
2762.68	37.7143
2764.5	37.3469
2766.32	38.2857
2768.14	36.2857
2769.96	37.2653
2771.77	38.4898
2773.59	37.4286
2775.41	38.4898
2777.22	39.3061
2779.04	38.2449
2780.85	37.8775
2782.67	37.4694
2784.48	38.1224
2786.29	37.0204
2788.1	36.1224
2789.91	38.449
2791.72	37.6735
2793.53	37.6735
2795.34	37.1429
2797.15	37.9184
2798.95	37.1429
2800.76	36.9388
2802.57	37.2653
2804.37	37.3469
2806.17	37.5918
2807.98	36.8571
2809.78	37.6735
2811.58	37.5918
2813.38	37.8367
2815.18	37.0204
2816.98	38.0408
2818.78	36.9388
2820.57	37.3878
2822.37	38.4082
2824.17	36.8163
2825.96	38.2449
2827.76	39.3061
2829.55	38.3265
2831.34	38.0408
2833.13	38
2834.93	39.0612
2836.72	39.3877
2838.51	39.3469
2840.3	38.3265
2842.08	39.7551
2843.87	39.2653
2845.66	39.7551
2847.44	39.1429
2849.23	38.5714
2851.01	38.0816
2852.8	38.3265
2854.58	38.1225
2856.36	38.0816
2858.14	38.8163
2859.92	38.0408
2861.7	38
2863.48	39.551
2865.26	39.8775
2867.04	38
2868.82	40
2870.59	39.3469
2872.37	38.4898
2874.14	38.4082
2875.92	38.2449
2877.69	38.0816
2879.46	39.6327
2881.23	39.7551
2883	38.9388
2884.77	38.5714
2886.54	39.6735
2888.31	38.449
2890.08	40.5714
2891.85	38.8571
2893.61	38.6939
2895.38	39.6735
2897.14	40.6531
2898.91	39.0204
2900.67	39.1837
2902.43	38.9796
2904.2	39.2653
2905.96	38.7755
2907.72	38.9796
2909.48	39.5102
2911.24	39.8776
2912.99	39.4694
2914.75	40.3265
2916.51	38.449
2918.26	38.4898
2920.02	38.6939
2921.77	37.9592
2923.53	37.6735
2925.28	39.3469
2927.03	36.7347
2928.78	36.8163
2930.53	38.3673
2932.28	36.2857
2934.03	37.9184
2935.78	38.2449
2937.53	37.8367
2939.28	37.551
2941.02	37.5102
2942.77	37.2653
2944.51	36.4898
2946.26	37.2245
2948	36.3673
2949.74	37.7551
2951.48	37.9184
2953.23	37.9184
2954.97	36.5714
2956.71	36.6531
2958.44	37.0204
2960.18	36.6531
2961.92	36.6939
2963.66	36.5306
2965.39	37.0204
2967.13	36.3673
2968.86	37.5918
2970.6	36.5306
2972.33	37.2245
2974.06	36.6531
2975.79	35.5102
2977.52	36.8163
2979.25	37.2653
2980.98	36.2449
2982.71	36.9388
2984.44	36.6531
2986.17	36.3265
2987.89	37.0612
2989.62	37.0612
