804.677	1744.73
807.368	1262.45
810.058	1074.41
812.746	1022.16
815.433	1039.8
818.119	1116.24
820.803	1247.51
823.487	1469.18
826.169	1866.49
828.85	2274.65
831.53	2537.22
834.207	2240.94
836.885	1542.29
839.561	1123.43
842.236	954.775
844.909	852.939
847.581	794.245
850.252	748.082
852.922	720.163
855.591	688.735
858.258	676.979
860.924	659.878
863.588	648.245
866.252	635.592
868.915	632.898
871.576	627.959
874.236	625.224
876.895	633.265
879.551	659.388
882.208	702.572
884.863	770.653
887.517	833.02
890.17	836
892.82	771.143
895.471	683.674
898.12	629.51
900.767	612.939
903.414	614.857
906.059	617.061
908.703	614.735
911.346	608.898
913.988	607.959
916.628	614.653
919.267	635.755
921.905	684.082
924.542	755.347
927.177	854.694
929.812	912.327
932.445	898.286
935.076	818
937.707	738.612
940.337	698.082
942.965	682.408
945.592	680.449
948.217	695.306
950.842	734.327
953.466	832.98
956.088	1010.04
958.709	1257.63
961.329	1494.78
963.947	1542.69
966.565	1301.67
969.18	979.184
971.796	787.388
974.409	715.633
977.022	712.082
979.633	787.673
982.244	934.775
984.853	1097.8
987.46	1211.84
990.067	1148.33
992.672	941.102
995.276	791.551
997.88	704.49
1000.48	676.735
1003.08	658.082
1005.68	665.51
1008.28	657.429
1010.88	673.429
1013.47	694.857
1016.07	741.265
1018.66	829.918
1021.25	938.979
1023.84	1045.84
1026.43	1104.98
1029.02	1074.53
1031.61	998.612
1034.2	930.939
1036.78	846.122
1039.37	774.571
1041.95	708.286
1044.53	667.429
1047.11	635.306
1049.69	609.388
1052.27	600.857
1054.84	589.061
1057.42	578.735
1059.99	575.347
1062.57	565.918
1065.14	568.367
1067.71	557.918
1070.28	556
1072.85	550.531
1075.42	555.061
1077.98	558.122
1080.55	571.755
1083.11	582.857
1085.67	611.265
1088.24	649.673
1090.8	672
1093.36	675.429
1095.91	653.551
1098.47	620.449
1101.03	593.102
1103.58	574.286
1106.13	565.755
1108.69	559.551
1111.24	559.02
1113.79	560.98
1116.34	566.082
1118.88	574.286
1121.43	588.449
1123.98	609.959
1126.52	667.592
1129.06	746.612
1131.6	883.837
1134.15	1106.08
1136.68	1412.2
1139.22	1700.86
1141.76	1854.98
1144.3	1749.27
1146.83	1518.29
1149.36	1357.88
1151.9	1339.14
1154.43	1390.41
1156.96	1386.65
1159.49	1272.24
1162.02	1025.22
1164.54	789.796
1167.07	667.02
1169.59	598.612
1172.12	577.306
1174.64	559.265
1177.16	555.714
1179.68	548.653
1182.2	550.327
1184.71	556.694
1187.23	563.592
1189.75	579.347
1192.26	594.653
1194.77	619.388
1197.29	657.469
1199.8	717.306
1202.31	807.429
1204.81	915.673
1207.32	992.531
1209.83	1006.24
1212.33	928.898
1214.84	813.755
1217.34	713.959
1219.84	652.449
1222.34	619.51
1224.84	604.571
1227.34	594.041
1229.84	594.735
1232.33	590.204
1234.83	593.265
1237.32	604.98
1239.81	634.245
1242.3	665.959
1244.79	690.571
1247.28	678.857
1249.77	637.184
1252.26	598.898
1254.74	585.469
1257.23	588.694
1259.71	602.123
1262.19	613.755
1264.68	631.918
1267.15	638.204
1269.63	634.734
1272.11	642.735
1274.59	652.735
1277.06	667.633
1279.54	700.204
1282.01	729.306
1284.48	746.857
1286.96	753.714
1289.43	741.388
1291.89	736.939
1294.36	749.061
1296.83	730.531
1299.29	695.143
1301.76	688.326
1304.22	711.388
1306.68	778.735
1309.15	890.163
1311.6	1081.96
1314.06	1375.18
1316.52	1710.16
1318.98	1931.76
1321.43	1857.02
1323.89	1480.12
1326.34	1107.67
1328.79	879.02
1331.24	749.265
1333.69	687.429
1336.14	669.061
1338.59	674.776
1341.04	725.061
1343.48	820.327
1345.93	958.571
1348.37	1058.16
1350.81	1051.76
1353.25	938.694
1355.69	804.326
1358.13	714.979
1360.57	683.224
1363.01	682.408
1365.44	664
1367.88	632.245
1370.31	578.49
1372.74	523.02
1375.17	478.612
1377.6	452.449
1380.03	442.163
1382.46	436.286
1384.89	421.265
1387.31	427.306
1389.74	420.082
1392.16	421.347
1394.58	421.184
1397	418.204
1399.43	421.143
1401.84	425.878
1404.26	433.959
1406.68	441.796
1409.09	443.265
1411.51	462.776
1413.92	476.571
1416.34	535.388
1418.75	644.531
1421.16	815.51
1423.57	1020.37
1425.98	1152.08
1428.38	1106.94
1430.79	1002.86
1433.19	972.122
1435.6	1034.49
1438	1181.14
1440.4	1406.49
1442.8	1685.96
1445.2	1972.78
1447.6	2166.65
1450	2194.29
1452.39	1994
1454.79	1592.82
1457.18	1200.9
1459.58	915.551
1461.97	730.612
1464.36	612.163
1466.75	545.102
1469.14	496.694
1471.53	461.306
1473.91	438.898
1476.3	417.837
1478.68	399.633
1481.07	390.571
1483.45	385.02
1485.83	378.327
1488.21	366.531
1490.59	364.816
1492.97	359.796
1495.34	353.837
1497.72	352.408
1500.1	350.571
1502.47	346.612
1504.84	343.878
1507.21	339.184
1509.58	339.633
1511.95	337.061
1514.32	342.898
1516.69	342.163
1519.06	348.857
1521.42	346.98
1523.79	347.347
1526.15	350.082
1528.51	348.204
1530.87	345.061
1533.23	340.245
1535.59	336.612
1537.95	333.633
1540.31	336.98
1542.66	341.225
1545.02	335.959
1547.37	331.796
1549.72	325.673
1552.07	319.347
1554.42	321.184
1556.77	312.653
1559.12	313.184
1561.47	313.878
1563.82	311.347
1566.16	314.571
1568.51	312.531
1570.85	314
1573.19	320
1575.53	335.959
1577.87	353.102
1580.21	387.755
1582.55	436.898
1584.88	493.347
1587.22	525.551
1589.56	524.694
1591.89	478.327
1594.22	418.408
1596.55	367.347
1598.88	335.51
1601.21	320
1603.54	309.51
1605.87	301.755
1608.2	299.306
1610.52	298.082
1612.85	295.102
1615.17	291.225
1617.49	290.694
1619.81	285.837
1622.13	285.143
1624.45	281.143
1626.77	280.898
1629.09	279.959
1631.4	279.265
1633.72	276.204
1636.03	275.714
1638.34	272.98
1640.66	278.531
1642.97	278.204
1645.28	272.735
1647.59	272.122
1649.89	271.551
1652.2	270
1654.51	270.939
1656.81	268.286
1659.11	267.224
1661.42	265.265
1663.72	262.857
1666.02	266.041
1668.32	265.184
1670.62	263.796
1672.92	268.735
1675.21	263.225
1677.51	260.694
1679.8	262.408
1682.09	263.592
1684.39	262.775
1686.68	263.429
1688.97	263.959
1691.26	262.98
1693.55	256.082
1695.83	256.327
1698.12	254.286
1700.41	252.816
1702.69	249.347
1704.97	248.245
1707.26	246.898
1709.54	243.673
1711.82	242.735
1714.1	239.306
1716.37	240.857
1718.65	235.224
1720.93	232.898
1723.2	234.49
1725.48	232.531
1727.75	226.49
1730.02	231.02
1732.29	227.184
1734.56	226.367
1736.83	224
1739.1	225.51
1741.37	219.878
1743.63	223.061
1745.9	221.714
1748.16	221.551
1750.42	218.286
1752.69	218.082
1754.95	216.98
1757.21	215.061
1759.47	217.306
1761.72	217.225
1763.98	217.755
1766.24	214.408
1768.49	213.143
1770.75	208.408
1773	211.347
1775.25	212.122
1777.5	209.673
1779.75	209.959
1782	207.551
1784.25	205.388
1786.5	204.694
1788.74	204.939
1790.99	203.837
1793.23	201.224
1795.47	201.469
1797.72	199.061
1799.96	200.653
1802.2	199.306
1804.44	197.714
1806.67	196.122
1808.91	195.959
1811.15	191.796
1813.38	196.776
1815.62	191.878
1817.85	192.939
1820.08	193.633
1822.31	193.102
1824.54	190.939
1826.77	190.735
1829	187.837
1831.23	186.571
1833.45	188
1835.68	185.918
1837.9	188.163
1840.12	186.245
1842.35	187.388
1844.57	185.265
1846.79	184.082
1849.01	182.449
1851.23	184.449
1853.44	180.041
1855.66	181.714
1857.87	181.184
1860.09	180.204
1862.3	181.02
1864.51	181.306
1866.73	181.674
1868.94	178
1871.15	178.449
1873.35	180.163
1875.56	176.776
1877.77	177.959
1879.97	177.184
1882.18	177.837
1884.38	176.49
1886.58	177.592
1888.79	177.102
1890.99	176.449
1893.19	173.184
1895.39	173.102
1897.58	173.306
1899.78	173.02
1901.98	171.224
1904.17	170.041
1906.36	168.694
1908.56	168.49
1910.75	167.592
1912.94	166.735
1915.13	166.204
1917.32	167.143
1919.51	164.939
1921.69	167.143
1923.88	162.122
1926.07	161.347
1928.25	161.184
1930.43	160.041
1932.61	161.143
1934.8	159.673
1936.98	160.408
1939.16	158
1941.33	158.408
1943.51	157.02
1945.69	156.082
1947.86	159.755
1950.04	157.551
1952.21	154.327
1954.38	152.286
1956.56	152.204
1958.73	152.286
1960.9	152.653
1963.07	151.714
1965.23	150.857
1967.4	152.245
1969.57	149.592
1971.73	149.429
1973.9	150.204
1976.06	149.102
1978.22	148.939
1980.38	147.102
1982.54	147.551
1984.7	145.959
1986.86	146.041
1989.02	145.102
1991.17	145.388
1993.33	145.469
1995.48	143.918
1997.64	143.633
1999.79	142.327
2001.94	142.245
2004.09	141.388
2006.24	141.429
2008.39	140.939
2010.54	139.878
2012.69	137.347
2014.83	139.347
2016.98	138.367
2019.12	137.51
2021.27	138.245
2023.41	135.388
2025.55	134.98
2027.69	135.388
2029.83	136.245
2031.97	137.184
2034.1	137.469
2036.24	134.082
2038.38	134.449
2040.51	134.286
2042.65	134.98
2044.78	133.306
2046.91	131.429
2049.04	132.122
2051.17	132.327
2053.3	131.102
2055.43	130.163
2057.56	130.816
2059.68	128.735
2061.81	129.469
2063.93	127.306
2066.06	127.184
2068.18	128.204
2070.3	127.714
2072.42	126.653
2074.54	126.571
2076.66	126.939
2078.78	125.714
2080.9	125.796
2083.01	126.816
2085.13	125.225
2087.24	124.163
2089.35	124.041
2091.47	121.388
2093.58	122.245
2095.69	121.184
2097.8	123.388
2099.91	119.02
2102.01	120.653
2104.12	119.306
2106.23	120.245
2108.33	120.041
2110.44	120.041
2112.54	120.204
2114.64	119.061
2116.74	118.49
2118.84	121.061
2120.94	118.531
2123.04	116.857
2125.14	118.939
2127.24	117.224
2129.33	116.286
2131.43	116.122
2133.52	116.327
2135.61	111.714
2137.71	113.959
2139.8	112.694
2141.89	114.082
2143.98	113.184
2146.07	111.796
2148.15	113.388
2150.24	110.775
2152.33	110.449
2154.41	111.551
2156.49	114.49
2158.58	110.531
2160.66	110.367
2162.74	109.306
2164.82	108.327
2166.9	109.918
2168.98	108.775
2171.06	107.224
2173.13	108.367
2175.21	108.571
2177.28	106.939
2179.36	107.918
2181.43	106.367
2183.5	109.02
2185.57	106.653
2187.64	106.408
2189.71	105.918
2191.78	107.061
2193.85	105.429
2195.92	105.347
2197.98	105.02
2200.05	104.449
2202.11	103.306
2204.17	103.51
2206.24	104.571
2208.3	102.408
2210.36	103.265
2212.42	104.286
2214.48	103.51
2216.53	104.367
2218.59	105.592
2220.65	103.265
2222.7	104.49
2224.76	104.694
2226.81	105.673
2228.86	104.49
2230.91	101.796
2232.96	102.49
2235.01	105.837
2237.06	102.49
2239.11	102.122
2241.16	103.796
2243.2	102.122
2245.25	104.327
2247.29	104.041
2249.34	102.327
2251.38	102.408
2253.42	97.7143
2255.46	102.041
2257.5	101.347
2259.54	101.265
2261.58	100.816
2263.61	100.449
2265.65	98.4898
2267.69	97.4286
2269.72	98.1633
2271.75	98.1633
2273.79	96.2041
2275.82	97.8776
2277.85	97.7959
2279.88	95.3469
2281.91	97.0204
2283.94	97.3061
2285.97	96.2041
2287.99	97.2653
2290.02	98.1633
2292.04	95.3061
2294.07	95.3061
2296.09	97.4694
2298.11	97.8367
2300.13	95.1429
2302.15	96.2449
2304.17	94.5714
2306.19	96.5714
2308.21	95.7143
2310.23	94.6531
2312.24	95.7143
2314.26	93.5919
2316.27	96.3673
2318.29	95.6735
2320.3	95.3878
2322.31	92.4082
2324.32	94.5714
2326.33	95.4286
2328.34	91.5919
2330.35	91.2653
2332.36	90.4898
2334.36	92.5306
2336.37	90.449
2338.37	91.0612
2340.38	89.7959
2342.38	87.8367
2344.38	88.6123
2346.38	87.0612
2348.38	84.8163
2350.38	85.4286
2352.38	86.4082
2354.38	83.7959
2356.38	84.8571
2358.37	84.0408
2360.37	84.3265
2362.36	84.4082
2364.35	84.8163
2366.35	83.9592
2368.34	86.2449
2370.33	83.6734
2372.32	81.3878
2374.31	83.8367
2376.3	84.6122
2378.28	82.9388
2380.27	83.2653
2382.26	81.4286
2384.24	81.1837
2386.22	81.5919
2388.21	82.4898
2390.19	82.9796
2392.17	80.4898
2394.15	81.1837
2396.13	81.2245
2398.11	81.8775
2400.09	82.0408
2402.07	80.5714
2404.04	78.9388
2406.02	80.2041
2407.99	81.7143
2409.97	78.8572
2411.94	80.6123
2413.91	78.2041
2415.88	79.4286
2417.85	80.1633
2419.82	79.551
2421.79	80.7755
2423.76	78.9796
2425.72	79.1429
2427.69	76.8163
2429.66	76.7755
2431.62	77.551
2433.58	76.6531
2435.55	77.4286
2437.51	76.0816
2439.47	75.8775
2441.43	75.0204
2443.39	74.9796
2445.35	75.3061
2447.3	74.5306
2449.26	74.0816
2451.22	74.2041
2453.17	75.2245
2455.13	74.2041
2457.08	73.0612
2459.03	72.9388
2460.98	73.6327
2462.93	72.6531
2464.88	72.2857
2466.83	73.3061
2468.78	72.0408
2470.73	71.0204
2472.67	69.7143
2474.62	70.7755
2476.57	71.8367
2478.51	71.4286
2480.45	71.2245
2482.39	69.4286
2484.34	70
2486.28	69.5918
2488.22	69.7143
2490.16	69.102
2492.09	69.1837
2494.03	69.2653
2495.97	69.5918
2497.9	69.1429
2499.84	70.7347
2501.77	69.3877
2503.71	70.8571
2505.64	71.0204
2507.57	69.0612
2509.5	69.3878
2511.43	68.3673
2513.36	70.8572
2515.29	70.449
2517.21	70.0816
2519.14	70.3265
2521.07	69.0204
2522.99	69.8775
2524.92	70.8571
2526.84	68.4082
2528.76	68.9796
2530.68	69.102
2532.6	69.4286
2534.52	68.3265
2536.44	69.9184
2538.36	68.6939
2540.28	68.0408
2542.19	68.449
2544.11	68.3673
2546.03	66.898
2547.94	68.1633
2549.85	67.9592
2551.77	66.7347
2553.68	67.1837
2555.59	65.6326
2557.5	68.1225
2559.41	69.0204
2561.32	69.5918
2563.22	69.2245
2565.13	68.898
2567.04	70.7347
2568.94	68.1224
2570.84	69.7959
2572.75	68.1225
2574.65	70.8163
2576.55	70.6531
2578.45	72.2041
2580.35	71.7551
2582.25	71.551
2584.15	70.898
2586.05	70.8163
2587.95	71.551
2589.84	71.0612
2591.74	70.0816
2593.63	72.1224
2595.53	70.5306
2597.42	69.7551
2599.31	71.1837
2601.2	68.9796
2603.09	69.5102
2604.98	68.9388
2606.87	69.5102
2608.76	69.4694
2610.65	67.0612
2612.53	67.1837
2614.42	68.0816
2616.3	66.449
2618.19	66.9796
2620.07	68.0408
2621.95	68.1633
2623.83	66.9796
2625.71	66
2627.59	67.4694
2629.47	68.898
2631.35	69.551
2633.23	71.551
2635.11	71.3469
2636.98	76
2638.86	78.1633
2640.73	78.7755
2642.6	76.7347
2644.48	78.5714
2646.35	80.6122
2648.22	80.4898
2650.09	78.7755
2651.96	77.7143
2653.83	78.449
2655.7	76.898
2657.56	74
2659.43	73.3061
2661.3	74.1633
2663.16	73.5918
2665.02	72.3265
2666.89	72.3265
2668.75	71.9184
2670.61	73.1429
2672.47	73.6735
2674.33	73.0204
2676.19	72.7347
2678.05	71.6735
2679.91	72.0816
2681.76	71.9184
2683.62	72.449
2685.47	72.6123
2687.33	72
2689.18	76.3265
2691.03	76.2857
2692.89	78.9796
2694.74	83.2653
2696.59	86.8571
2698.44	91.551
2700.29	92
2702.13	96.6939
2703.98	97.0204
2705.83	98.9388
2707.67	104.857
2709.52	109.388
2711.36	117.265
2713.2	122.898
2715.05	125.429
2716.89	122.735
2718.73	112.939
2720.57	107.959
2722.41	100.776
2724.25	95.9184
2726.09	91.8367
2727.92	89.5918
2729.76	85.9592
2731.59	85.3878
2733.43	80.3265
2735.26	77.2653
2737.1	77.6735
2738.93	74.653
2740.76	73.8367
2742.59	72.449
2744.42	72.2041
2746.25	69.7143
2748.08	67.7143
2749.9	67.3877
2751.73	63.9592
2753.56	63.1428
2755.38	62.9796
2757.21	61.5102
2759.03	62.5714
2760.85	58.4898
2762.68	59.8775
2764.5	58.2449
2766.32	58.2041
2768.14	58.7755
2769.96	60.449
2771.77	59.0612
2773.59	58.9388
2775.41	59.3469
2777.22	59.551
2779.04	60.2041
2780.85	60.4898
2782.67	62
2784.48	61.8367
2786.29	59.4694
2788.1	62.6531
2789.91	61.9592
2791.72	61.3878
2793.53	62.8571
2795.34	63.8367
2797.15	64.6531
2798.95	66.1633
2800.76	68
2802.57	67.3878
2804.37	69.8776
2806.17	71.3878
2807.98	73.8775
2809.78	75.3469
2811.58	79.2245
2813.38	83.7143
2815.18	87.9184
2816.98	93.551
2818.78	101.673
2820.57	113.306
2822.37	133.51
2824.17	161.633
2825.96	199.469
2827.76	245.265
2829.55	288.367
2831.34	323.306
2833.13	334.082
2834.93	321.51
2836.72	291.184
2838.51	256.571
2840.3	224.612
2842.08	201.592
2843.87	183.224
2845.66	174.898
2847.44	173.714
2849.23	185.469
2851.01	206.735
2852.8	243.02
2854.58	293.306
2856.36	349.224
2858.14	397.469
2859.92	428.694
2861.7	432.367
2863.48	428.612
2865.26	423.592
2867.04	430.735
2868.82	447.674
2870.59	468.898
2872.37	507.02
2874.14	532
2875.92	552.735
2877.69	550
2879.46	529.959
2881.23	499.143
2883	468.204
2884.77	432.816
2886.54	405.102
2888.31	388.367
2890.08	387.388
2891.85	389.714
2893.61	395.102
2895.38	402.204
2897.14	403.02
2898.91	386.857
2900.67	362.775
2902.43	329.388
2904.2	306.327
2905.96	282.612
2907.72	279.469
2909.48	266.735
2911.24	272.408
2912.99	276.98
2914.75	280.163
2916.51	278.572
2918.26	272
2920.02	260.367
2921.77	242
2923.53	221.102
2925.28	198.449
2927.03	177.633
2928.78	163.918
2930.53	150.367
2932.28	143.755
2934.03	145.265
2935.78	155.918
2937.53	167.306
2939.28	187.143
2941.02	205.592
2942.77	225.388
2944.51	233.429
2946.26	233.02
2948	220.571
2949.74	215.102
2951.48	206.449
2953.23	202.041
2954.97	200.204
2956.71	189.143
2958.44	179.429
2960.18	164.49
2961.92	153.429
2963.66	139.51
2965.39	126.776
2967.13	112.286
2968.86	98.8163
2970.6	88.8571
2972.33	79.6327
2974.06	73.7551
2975.79	68.4898
2977.52	65.3469
2979.25	60.898
2980.98	60.4082
2982.71	57.3469
2984.44	54.6122
2986.17	53.2245
2987.89	52.5714
2989.62	50.1633
