100.102	53.7241
101.388	58.4138
102.675	59.5172
103.962	62.6207
105.248	64.5517
106.535	65.5173
107.82 70.00
109.105	74.1379
110.39	75.1724
111.675	77.5862
112.959	80.7586
114.243	83.931
115.526	88.1379
116.81	97.3793
118.092	100.00
119.375	104.483
120.657	110.897
121.939	113.586
123.221	114.207
124.501	116.414
125.783	113.862
127.063	115.034
128.343	116.69
129.623	118.207
130.903	118.276
132.182	119.241
133.461	118.069
134.74	119.034
136.018	122.207
137.295	120.345
138.573	120.345
139.85	120.759
141.127	120.69
142.404	121.31
143.681	122.552
144.956	125.517
146.232	125.448
147.507	126.00
148.782	127.586
150.056	135.31
151.331	138.069
152.604	138.828
153.878	142.552
155.152	144.345
156.424	145.103
157.697	142.552
158.969	139.172
160.242	142.00
161.513	143.31
162.784	142.276
164.055	143.448
165.326	136.759
166.596	133.448
167.866	129.172
169.136	127.517
170.404	122.207
171.674	124.966
172.942	122.414
174.211	120.00
175.478	117.862
176.747	114.138
178.014	118.276
179.281	116.552
180.547	113.793
181.813	113.724
183.079	113.034
184.345	113.931
185.611	111.586
186.875	109.931
188.14	111.379
189.405	110.414
190.669	109.034
191.932	110.414
193.196	114.345
194.459	111.655
195.721	110.69
196.984	112.621
198.246	107.103
199.507	109.793
200.769	109.586
202.03	110.759
203.29	110.414
204.551	111.793
205.811	110.69
207.071	110.207
208.33	109.448
209.589	110.138
210.848	108.414
212.107	107.586
213.365	107.586
214.622	104.207
215.88	104.897
217.137	104.00
218.393	101.724
219.65	104.207
220.906	102.621
222.162	101.448
223.417	103.793
224.673	100.483
225.927	102.966
227.182	101.31
228.436	101.103
229.689	103.31
230.943	104.552
232.196	104.345
233.449	105.241
234.701	105.655
235.954	106.69
237.205	104.621
238.457	108.759
239.708	107.034
240.96	108.759
242.21	108.483
243.46	110.828
244.71	109.586
245.96	111.034
247.209	113.035
248.458	110.069
249.706	107.586
250.954	111.655
252.202	108.828
253.45	109.103
254.697	105.862
255.944	107.862
257.191	105.586
258.437	103.793
259.683	105.655
260.929	104.414
262.174	102.138
263.419	101.517
264.663	102.897
265.908	99.931
267.151	102.207
268.395	102.759
269.638	102.897
270.882	99.2414
272.125	102.00
273.367	102.414
274.609	100.966
275.85	99.2414
277.092	104.276
278.333	100.759
279.573	99.5172
280.814	102.207
282.054	102.138
283.294	102.345
284.533	103.034
285.773	104.138
287.011	104.414
288.249	105.241
289.487	102.552
290.725	106.00
291.963	107.931
293.2	104.759
294.436	108.759
295.673	111.448
296.91	110.069
298.145	111.172
299.38	113.379
300.616	112.966
301.851	115.517
303.085	117.241
304.319	114.207
305.553	118.276
306.787	121.172
308.02	120.759
309.253	121.517
310.486	118.00
311.717	118.828
312.95	119.793
314.181	120.897
315.413	120.207
316.644	125.586
317.875	122.276
319.105	125.517
320.335	123.517
321.565	126.138
322.793	127.172
324.023	129.517
325.251	129.31
326.48	132.966
327.707	134.345
328.936	134.069
330.163	134.483
331.39	132.69
332.616	130.621
333.843	130.483
335.069	129.724
336.295	130.966
337.52	137.586
338.745	136.759
339.97	142.069
341.195	147.793
342.418	145.172
343.643	146.828
344.866	148.552
346.089	154.897
347.312	153.793
348.535	153.172
349.757	154.897
350.978	148.276
352.2	152.828
353.422	147.931
354.642	147.862
355.862	147.448
357.083	146.138
358.303	146.069
359.523	152.483
360.742	145.172
361.961	147.724
363.18	148.621
364.398	146.69
365.616	149.724
366.834	154.897
368.05	157.586
369.268	159.793
370.484	166.966
371.701	180.897
372.917	184.965
374.132	198.207
375.348	205.034
376.563	211.172
377.778	211.931
378.993	210.069
380.206	201.517
381.42	193.931
382.633	182.552
383.846	170.414
385.06	158.414
386.272	148.897
387.484	144.483
388.696	136.345
389.908	129.034
391.119	125.586
392.33	123.379
393.541	121.655
394.75	122.552
395.961	121.517
397.17	122.897
398.379	121.586
399.588	122.138
400.797	127.31
402.005	123.31
403.213	123.931
404.421	124.138
405.629	123.586
406.835	125.172
408.042	123.448
409.248	124.414
410.455	121.931
411.66	122.069
412.866	121.241
414.071	122.00
415.276	116.69
416.48	120.483
417.685	124.966
418.888	126.138
420.092	124.828
421.294	132.069
422.498	133.517
423.7	135.586
424.902	138.552
426.104	140.276
427.305	145.172
428.507	146.345
429.708	158.207
430.909	159.931
432.108	167.862
433.309	171.931
434.508	172.69
435.708	166.00
436.907	163.793
438.105	156.00
439.303	152.414
440.501	146.828
441.699	143.517
442.897	139.448
444.094	139.31
445.29	138.552
446.487	138.69
447.683	137.034
448.879	142.759
450.075	142.345
451.27	140.552
452.465	146.828
453.659	150.207
454.853	147.31
456.048	156.00
457.241	151.655
458.434	148.276
459.627	142.138
460.82	135.793
462.012	128.483
463.204	123.31
464.395	121.034
465.587	113.793
466.778	111.31
467.969	111.172
469.159	110.414
470.349	108.483
471.539	110.207
472.728	111.586
473.918	111.448
475.106	112.414
476.294	112.276
477.483	112.759
478.67	113.034
479.858	113.586
481.045	116.828
482.232	113.586
483.419	118.552
484.605	120.414
485.791	121.655
486.976	122.69
488.162	117.793
489.346	121.586
490.531	123.103
491.716	124.069
492.9	123.517
494.083	123.862
495.267	121.517
496.449	119.448
497.632	118.276
498.815	114.483
499.996	124.414
501.178	125.448
502.36	122.069
503.541	123.862
504.722	124.69
505.903	125.448
507.082	126.759
508.263	125.241
509.442	122.276
510.622	126.621
511.8	125.31
512.979	130.207
514.157	131.241
515.335	135.517
516.513	136.552
517.69	137.241
518.867	134.00
520.043	130.483
521.22	124.345
522.396	115.586
523.571	113.655
524.747	108.552
525.922	107.517
527.097	105.103
528.271	101.448
529.446	103.379
530.62	102.621
531.793	98.5517
532.966	100.621
534.139	99.7241
535.312	100.00
536.484	101.034
537.656	98.9655
538.828	97.7931
539.999	95.1724
541.17	93.7241
542.34	95.931
543.511	93.7241
544.681	91.1035
545.85	92.8276
547.021	92.3448
548.19	91.5172
549.358	87.5173
550.527	91.5862
551.694	90.5517
552.862	87.5172
554.03	92.2069
555.197	90.8276
556.364	91.2414
557.531	91.3793
558.697	94.4138
559.863	95.5862
561.028	95.6552
562.194	94.5517
563.359	94.5517
564.524	96.4828
565.688	93.931
566.852	94.6897
568.016	96.7586
569.179	93.3793
570.343	90.069
571.505	91.7931
572.668	93.5862
573.829	90.00
574.991	89.8621
576.153	91.5172
577.314	91.5172
578.475	92.2759
579.635	88.6207
580.795	87.931
581.956	90.9655
583.116	89.7241
584.275	89.7241
585.433	93.1034
586.592	89.7931
587.751	87.1035
588.909	87.5862
590.067	89.7241
591.224	88.8966
592.381	88.4828
593.538	87.6552
594.694	90.069
595.851	88.9655
597.007	85.4483
598.162	84.2759
599.317	85.3793
600.473	86.1379
601.627	82.9655
602.781	88.3448
603.936	87.0345
605.089	88.4138
606.243	89.1724
607.395	87.8621
608.548	84.2759
609.701	86.3448
610.852	86.8276
612.005	84.3448
613.156	84.8276
614.307	86.4138
615.457	84.8966
616.608	88.069
617.758	86.069
618.908	83.4483
620.058	84.4828
621.207	84.4138
622.356	82.069
623.505	81.8621
624.654	83.0345
625.802	81.5862
626.949	82.1379
628.097	80.6207
629.244	83.7241
630.39	81.931
631.537	81.1035
632.683	79.7931
633.829	80
634.974	81.8621
636.119	80.4138
637.264	79.3103
638.409	79.1724
639.553	80
640.697	80.069
641.841	81.1724
642.984	77.7931
644.128	79.0345
645.27	76.9655
646.412	78.7586
647.554	78.6897
648.696	79.1035
649.838	78
650.979	78.1379
652.12	78.3448
653.26	78.4828
654.401	79.7241
655.54	78.3448
656.681	77.0345
657.82	79.1035
658.959	76.1379
660.097	76.8966
661.236	78
662.373	78.4138
663.511	78
664.648	76.9655
665.786	76.6207
666.923	74.069
668.059	76.1379
669.195	75.0345
670.331	74.6897
671.467	76.4138
672.602	74.7586
673.736	75.0345
674.872	74.8966
676.005	74.7586
677.14	73.4483
678.274	75.931
679.407	76.6207
680.54	73.4483
681.673	74.5517
682.805	74.4138
683.937	74.9655
685.069	74.2759
686.201	73.2414
687.332	75.3793
688.463	74.4138
689.594	74.4827
690.724	73.6552
691.853	75.3793
692.983	74.2759
694.113	75.5172
695.241	75.931
696.37	75.3793
697.499	74.7586
698.627	72.6897
699.754	72.069
700.882	72.6896
702.009	74.1379
703.136	71.1035
704.263	72.2069
705.389	72.4828
706.515	72.6897
707.641	73.931
708.766	72.4138
709.891	75.1724
711.016	73.2414
712.14	71.5862
713.264	71.3793
714.388	73.6552
715.511	72.069
716.634	72.069
717.758	73.5172
718.88	71.7241
720.002	73.4483
721.124	73.7931
722.246	72.6897
723.367	72.2759
724.488	72.2069
725.608	72.3448
726.729	73.6552
727.849	71.3793
728.969	71.3103
730.088	71.5862
731.207	70.8966
732.326	71.3103
733.445	69.3793
734.563	68.7586
735.681	72.069
736.798	68.8966
737.915	68.5517
739.033	66.4138
740.15	68.8965
741.266	69.931
742.381	70.8276
743.497	67.4483
744.613	69.0345
745.728	68.4828
746.843	69.931
747.958	67.931
749.072	68
750.186	68.6207
751.299	67.7931
752.412	68.069
753.525	71.0345
754.638	67.7931
755.75	69.3793
756.862	71.0345
757.974	68.2759
759.086	68.3448
760.197	67.3103
761.307	67.5172
762.418	68.4828
763.529	69.7241
764.638	68.6207
765.748	68.4828
766.857	68.3448
767.966	66.3448
769.075	70.2069
770.183	66.6897
771.292	66.8276
772.399	67.7931
773.506	69.1724
774.613	68.5517
775.721	66.9655
776.827	69.7931
777.933	69.4483
779.039	68.8965
780.145	67.0345
781.25	69.8621
782.355	68.4828
783.46	67.7241
784.564	69.7931
785.669	68.8276
786.772	67.5862
787.876	68.6897
788.979	69.1034
790.082	67.2414
791.184	68.1379
792.286	67.7931
793.388	66.6207
794.49	69.0345
795.591	68.5517
796.692	69.2414
797.793	68.5517
798.893	67.8621
799.994	68
801.093	68.4138
802.193	66.7586
803.292	66.3448
804.39	67.7241
805.49	67.5862
806.588	66.069
807.686	68.2069
808.783	68.7586
809.881	70
810.978	70.1379
812.074	67.8621
813.171	67.3793
814.267	66.9655
815.363	68.1379
816.459	67.3103
817.553	66.3448
818.648	68.069
819.743	68.1379
820.837	68
821.932	67.3103
823.025	66.4828
824.118	67.7241
825.211	68.2759
826.304	68.4138
827.397	69.2414
828.489	66.5517
829.581	69.6552
830.672	67.3793
831.764	67.4483
832.855	66.6207
833.945	66.9655
835.036	68.6207
836.126	67.1724
837.215	65.5172
838.305	68.2069
839.394	67.3103
840.483	66.1379
841.571	66.5517
842.66	66.9655
843.748	68.4138
844.835	67.5862
845.922	66.8966
847.009	66
848.096	68.8966
849.183	66.5517
850.268	67.8621
851.354	70
852.44	67.0345
853.525	67.8621
854.61	67.2414
855.694	67.931
856.779	67.7931
857.862	66.6897
858.947	65.8621
860.03	68.3448
861.113	67.3103
862.196	68.3448
863.278	68.4138
864.36	70.4138
865.442	69.3793
866.524	69.6552
867.605	68.4828
868.685	67.5862
869.766	69.1724
870.847	71.8621
871.927	73.0345
873.007	70
874.086	74.8276
875.165	71.4483
876.244	72.8965
877.322	73.3793
878.401	73.931
879.479	74.9655
880.556	74.9655
881.634	75.0345
882.71	77.6552
883.788	78.069
884.864	77.5172
885.94	79.6552
887.016	80.2759
888.091	83.1724
889.166	82
890.242	81.8621
891.316	86.5517
892.391	86.8276
893.464	86.6207
894.538	88.8276
895.611	90.5517
896.684	88.2759
897.757	89.6552
898.83	90.3448
899.902	86.5517
900.974	84.6207
902.045	86.3448
903.117	83.3793
904.188	85.7241
905.258	83.6552
906.329	80.4828
907.399	81.5862
908.468	82.2069
909.538	78.5517
910.607	78.6207
911.676	76
912.745	78.2759
913.813	75.931
914.881	73.1724
915.948	76.069
917.016	74.3448
918.083	73.3103
919.15	73.5172
920.216	71.2414
921.282	72.1379
922.348	70.3448
923.414	73.1034
924.479	72.1379
925.544	70.6207
926.609	71.0345
927.673	70.5517
928.738	69.0345
929.801	68.5517
930.865	69.5173
931.927	68.2069
932.991	68.6897
934.053	69.5172
935.115	68.4828
936.177	68.2069
937.239	67.5172
938.3	66.3448
939.361	68.4827
940.422	66.3448
941.482	68.4138
942.543	65.931
943.602	66.6207
944.663	68.2759
945.722	66.3448
946.781	67.3103
947.839	67.1724
948.897	67.7931
949.956	68.2069
951.013	67.7241
952.071	68.2069
953.128	68.8965
954.185	67.2414
955.242	70.4828
956.298	72.1379
957.354	70.5517
958.41	72.4828
959.465	73.6552
960.52	73.931
961.575	73.2414
962.629	75.4483
963.684	75.7931
964.738	77.1724
965.791	77.6552
966.845	79.2414
967.897	77.2414
968.95	78.3448
970.003	76.8276
971.055	81.1034
972.106	76.4138
973.158	76.8965
974.209	74
975.26	71.5172
976.311	74.8966
977.361	71.931
978.411	73.8621
979.461	70.7586
980.51	72.5517
981.559	73.3104
982.608	73.5862
983.656	72.8276
984.705	75.0345
985.753	75.1034
986.8	77.5862
987.848	74.2759
988.895	74.2759
989.941	77.1034
990.988	77.7241
992.034	78.2758
993.08	77.7241
994.126	76.8276
995.171	78.5517
996.215	77.8621
997.26	76.8966
998.305	80.2758
999.349	79.1035
1000.39	76.8276
1001.44	74.3448
1002.48	75.931
1003.52	76.069
1004.56	73.3103
1005.61	75.5172
1006.65	73.7931
1007.69	75.8621
1008.73	74.9655
1009.77	75.1034
1010.81	75.7241
1011.85	74.7586
1012.89	76.1379
1013.94	77.1035
1014.97	77.1724
1016.01	76.3448
1017.05	79.4483
1018.09	79.7241
1019.13	81.1034
1020.17	80.6897
1021.21	80.4138
1022.24	80.4827
1023.28	79.7931
1024.32	86
1025.35	83.7241
1026.39	82.4828
1027.43	83.3793
1028.46	86.1379
1029.5	84.5517
1030.53	89.2414
1031.57	87.4483
1032.6	87.4483
1033.64	88.8966
1034.67	90.6897
1035.71	87.3793
1036.74	89.5862
1037.77	91.1724
1038.8	88.3448
1039.84	86.3448
1040.87	88.4138
1041.9	89.1724
1042.93	89.8621
1043.96	92.8965
1045	89.7241
1046.03	92.6897
1047.06	92.4828
1048.09	91.3793
1049.12	92.8966
1050.15	94.2069
1051.18	93.3104
1052.2	96.4138
1053.23	101.103
1054.26	101.931
1055.29	101.448
1056.32	99.3793
1057.34	102.207
1058.37	99.7931
1059.4	98.9655
1060.43	99.1724
1061.45	97.4483
1062.48	98.6896
1063.5	97.7241
1064.53	100.414
1065.55	99.6552
1066.58	99.1034
1067.6	99.1724
1068.63	100.138
1069.65	101.448
1070.68	102.759
1071.7	103.31
1072.72	104.207
1073.75	102.345
1074.77	105.586
1075.79	108.138
1076.81	109.862
1077.83	112.276
1078.85	113.931
1079.88	115.034
1080.9	122.483
1081.92	128.966
1082.94	130.483
1083.96	136.828
1084.98	141.379
1086	144.552
1087.02	151.931
1088.03	155.379
1089.05	163.448
1090.07	165.379
1091.09	175.517
1092.11	177.034
1093.12	179.793
1094.14	179.035
1095.16	178.897
1096.17	177.034
1097.19	170.207
1098.2	161.862
1099.22	156.069
1100.24	151.034
1101.25	144.414
1102.27	144.345
1103.28	141.172
1104.29	138.828
1105.31	134.276
1106.32	136.759
1107.33	134.621
1108.35	135.862
1109.36	136.552
1110.37	136.138
1111.38	141.586
1112.4	145.172
1113.41	146.69
1114.42	149.034
1115.43	151.103
1116.44	150.138
1117.45	153.655
1118.46	151.655
1119.47	151.931
1120.48	150
1121.49	149.448
1122.5	148.966
1123.51	143.31
1124.51	144.552
1125.52	137.241
1126.53	133.793
1127.54	128.207
1128.54	122.414
1129.55	120.828
1130.56	115.31
1131.56	113.655
1132.57	109.241
1133.57	108.483
1134.58	108.218
1135.58	103.75
1136.59	102.611
1137.59	103.551
1138.6	100.323
1139.6	102.5
1140.6	102.723
1141.61	101.019
1142.61	101.482
1143.61	104.261
1144.62	104.808
1145.62	107.876
1146.62	107.579
1147.62	106.854
1148.62	107.189
1149.62	106.187
1150.62	106.088
1151.63	106.324
1152.62	104.573
1153.62	102.955
1154.62	102.173
1155.62	100.126
1156.62	97.253
1157.62	94.755
1158.62	95.2183
1159.62	91.4268
1160.62	91.2737
1161.61	89.4452
1162.61	87.0491
1163.61	88.0588
1164.6	86.8951
1165.6	84.3011
1166.6	81.8812
1167.59	82.3163
1168.59	83.7919
1169.58	79.6007
1170.58	79.4751
1171.57	80.3151
1172.57	79.6822
1173.56	78.8387
1174.55	78.2633
1175.55	78.361
1176.54	78.9998
1177.53	78.6013
1178.52	77.6804
1179.52	78.8128
1180.51	77.7205
1181.5	77.8267
1182.49	77.3478
1183.48	77.3587
1184.47	76.4469
1185.47	76.8593
1186.46	75.4717
1187.45	75.8593
1188.43	76.6307
1189.42	75.9713
1190.41	74.8251
1191.4	76.3036
1192.39	75.3401
1193.38	77.6353
1194.37	76.0292
1195.35	78.8725
1196.34	77.7619
1197.33	77.1202
1198.32	77.9898
1199.3	79.691
1200.29	79.9465
1201.27	78.0894
1202.26	78.4865
1203.25	79.824
1204.23	79.5668
1205.21	79.4027
1206.2	79.1606
1207.18	78.9434
1208.17	78.5099
1209.15	76.7577
1210.13	76.8569
1211.12	77.8725
1212.1	77.869
1213.08	77.9324
1214.07	76.5434
1215.05	78.6299
1216.03	78.5303
1217.01	79.4777
1217.99	80.0792
1218.97	79.9467
1219.95	79.6144
1220.93	80.3879
1221.91	79.9928
1222.89	81.1458
1223.87	85.5174
1224.85	82.546
1225.83	83.5904
1226.81	82.7798
1227.79	83.496
1228.76	85.7583
1229.74	85.326
1230.72	86.6309
1231.7	86.9072
1232.67	88.0881
1233.65	86.934
1234.63	86.1935
1235.6	87.4935
1236.58	88.335
1237.55	87.1623
1238.12	85.5862
1239.14	86.069
1240.15	86.8966
1241.16	87.1724
1242.17	87.3793
1243.19	85.5862
1244.2	86.4828
1245.21	88.5517
1246.22	87.7931
1247.23	88.6897
1248.24	86.4828
1249.25	87.931
1250.26	90.7586
1251.27	87.3103
1252.28	87.931
1253.29	90.1379
1254.3	88.7586
1255.31	89.7241
1256.32	89.2414
1257.33	89.1724
1258.34	89.7931
1259.34	90.1379
1260.35	87.1035
1261.36	91.2414
1262.37	88.6897
1263.37	86.6207
1264.38	91.2414
1265.39	87.0345
1266.39	87.3793
1267.4	87.2414
1268.41	87.4483
1269.41	88.069
1270.42	87.5172
1271.42	87.8621
1272.43	87.5862
1273.43	89.931
1274.43	87.4483
1275.44	87.5173
1276.44	89.1724
1277.45	89.3103
1278.45	85.1724
1279.45	86.6897
1280.45	85.5172
1281.46	87.5862
1282.46	89.3793
1283.46	87.5172
1284.46	86.8276
1285.46	87.1034
1286.47	87.3103
1287.47	86.6207
1288.47	88.6207
1289.47	88.8966
1290.47	90.069
1291.47	89.5862
1292.47	91.7931
1293.47	91.2414
1294.47	89.8621
1295.47	88.2069
1296.46	88.6897
1297.46	88.5517
1298.46	88.2759
1299.46	88.069
1300.46	86.8276
1301.45	86.6207
1302.45	85.2414
1303.45	85.1034
1304.45	85.1035
1305.44	90.5517
1306.44	86.4138
1307.43	88.2069
1308.43	90.069
1309.43	86.4138
1310.42	89.8621
1311.42	89.1034
1312.41	89.7241
1313.4	90.7586
1314.4	90.2069
1315.39	88.4138
1316.39	90.9655
1317.38	89.5172
1318.37	91.1724
1319.37	91.3103
1320.36	91.0345
1321.35	90.4138
1322.34	94
1323.34	91.2414
1324.33	94.069
1325.32	91.0345
1326.31	92.2758
1327.3	93.6552
1328.29	92.2069
1329.28	93.1724
1330.27	96.4138
1331.26	96.9655
1332.25	96.1379
1333.24	97.5862
1334.23	96.8965
1335.22	94.6897
1336.21	96.6897
1337.2	96.9655
1338.19	96.6207
1339.17	95.0345
1340.16	95.5172
1341.15	95.7931
1342.14	94.069
1343.12	92.4828
1344.11	91.2414
1345.1	92.4138
1346.08	92.6207
1347.07	92.2759
1348.05	90.2759
1349.04	89.3103
1350.02	92.9655
1351.01	89.1724
1351.99	89.5172
1352.98	88.8966
1353.96	88.6897
1354.95	90.069
1355.93	89.5172
1356.91	88.069
1357.9	90.1379
1358.88	91.2414
1359.86	93.6552
1360.85	93.5172
1361.83	94.069
1362.81	94.8966
1363.79	93.6552
1364.77	96.9655
1365.75	97.3103
1366.73	98.3448
1367.72	97.931
1368.7	101.241
1369.68	101.586
1370.66	101.034
1371.64	101.931
1372.62	106.828
1373.59	104.207
1374.57	106.897
1375.55	111.931
1376.53	112
1377.51	112.897
1378.49	112.621
1379.46	110.828
1380.44	107.793
1381.42	108.345
1382.4	107.172
1383.37	104.207
1384.35	102.138
1385.33	97.5172
1386.3	98.3448
1387.28	96.9655
1388.25	93.7241
1389.23	91.6552
1390.2	93.3103
1391.18	86.7586
1392.15	91.5862
1393.13	87.0345
1394.1	85.931
1395.08	85.1724
1396.05	86
1397.02	83.5862
1397.99	86
1398.97	82.4828
1399.94	84.6897
1400.91	83.6552
1401.88	84.8276
1402.86	83.1724
1403.83	81.8621
1404.8	82.6207
1405.77	82.8966
1406.74	82.3448
1407.71	82.8965
1408.68	82.5517
1409.65	84.4138
1410.62	80.8966
1411.59	82.4138
1412.56	81.3103
1413.53	81.931
1414.5	79.0345
1415.47	79.4483
1416.44	82.7586
1417.4	79.7241
1418.37	80.7586
1419.34	77.5862
1420.31	81.3103
1421.27	78.4828
1422.24	79.6552
1423.21	78
1424.17	79.7241
1425.14	79.5172
1426.1	77.1724
1427.07	78.2759
1428.04	78.4138
1429	76.2069
1429.97	76.5517
1430.93	76.2069
1431.89	75.3793
1432.86	74.3448
1433.82	75.7931
1434.79	73.3103
1435.75	75.3793
1436.71	75.8621
1437.68	72.9655
1438.64	73.7241
1439.6	76.069
1440.56	74.6207
1441.52	72.2069
1442.49	70.6897
1443.45	73.5862
1444.41	72.4828
1445.37	77.3103
1446.33	74.4138
1447.29	72.5517
1448.25	75.6552
1449.21	75.6552
1450.17	75.8621
1451.13	76.1379
1452.09	76.4138
1453.05	73.7241
1454.01	76
1454.96	77.2414
1455.92	78.4138
1456.88	76.6897
1457.84	79.7241
1458.8	78.6897
1459.75	76.6207
1460.71	79.0345
1461.67	77.6552
1462.62	78.069
1463.58	80.1379
1464.54	79.0345
1465.49	76.4138
1466.45	79.3793
1467.4	78
1468.36	78.1379
1469.31	75.1724
1470.27	78.9655
1471.22	77.8621
1472.17	75.3103
1473.13	79.1724
1474.08	78.7586
1475.03	77.8621
1475.99	77.0345
1476.94	77.5172
1477.89	76.8276
1478.85	74.5517
1479.8	75.6552
1480.75	74.9655
1481.7	72.4827
1482.65	70.6897
1483.6	68.1379
1484.55	69.1034
1485.5	68.6207
1486.45	66.3448
1487.4	68.1379
1488.35	66.2069
1489.3	65.6552
1490.25	66.1379
1491.2	63.0345
1492.15	64.2759
1493.1	64.6897
1494.05	64.1379
1495	65.1724
1495.94	62.6207
1496.89	62.069
1497.84	62.8966
1498.79	65.0345
1499.73	62.2759
1500.68	62.7586
1501.63	61.4483
1502.57	62.8966
1503.52	61.5172
1504.46	64.069
1505.41	62
1506.35	64.3448
1507.3	62.3448
1508.24	62.8966
1509.19	62.069
1510.13	62.8276
1511.08	61.3793
1512.02	63.2414
1512.96	62.4828
1513.91	60.2069
1514.85	60.7586
1515.79	61.4483
1516.73	61.5172
1517.68	61.4483
1518.62	63.1034
1519.56	60.6897
1520.5	60.7586
1521.44	60.3448
1522.38	60.7586
1523.32	58.9655
1524.26	63.5172
1525.2	60.8965
1526.14	60.6207
1527.08	58.8966
1528.02	60.5517
1528.96	60
1529.9	61.5172
1530.84	59.931
1531.78	62.4138
1532.72	60.4828
1533.66	62.3448
1534.59	63.6552
1535.53	58.3448
1536.47	61.1034
1537.41	61.3103
1538.34	59.5862
1539.28	60.9655
1540.21	61.7931
1541.15	59.8621
1542.09	62.1379
1543.02	62.4138
1543.96	58.2759
1544.89	59.3793
1545.83	60.7586
1546.76	59.1724
1547.7	61.2414
1548.63	60.6207
1549.56	60.6207
1550.5	60.3448
1551.43	60.6897
1552.36	58.7586
1553.3	61.3793
1554.23	61.5172
1555.16	60.4138
1556.09	60.4138
1557.03	57.8621
1557.96	61.1035
1558.89	61.2414
1559.82	59.0345
1560.75	63.1724
1561.68	59.931
1562.61	57.1034
1563.54	60.9655
1564.47	61.2414
1565.4	59.3793
1566.33	59.7241
1567.26	58.5517
1568.19	58.9655
1569.12	59.2414
1570.05	59.1724
1570.98	59.0345
1571.9	59.931
1572.83	61.1724
1573.76	60.4828
1574.69	59.4483
1575.61	60.2069
1576.54	59.0345
1577.47	60.6897
1578.39	58.4138
1579.32	59.1724
1580.24	58.4138
1581.17	59.3793
1582.1	60.4138
1583.02	57.5172
1583.95	59.2414
1584.87	58.1379
1585.79	59.0345
1586.72	57.931
1587.64	59.3793
1588.57	57.2414
1589.49	58.3448
1590.41	57.0345
1591.34	59.7931
1592.26	58.4138
1593.18	58.5517
1594.1	59.4483
1595.02	60.3448
1595.95	58.1379
1596.87	58.8966
1597.79	58.6897
1598.71	58.5517
1599.63	58.5517
1600.55	58.2759
1601.47	56.6207
1602.39	56.1379
1603.31	58.1379
1604.23	58.4138
1605.15	56.6207
1606.07	58.6897
1606.99	58.7586
1607.91	56.2069
1608.82	57.1034
1609.74	56.7586
1610.66	56.8276
1611.58	58.2069
1612.49	57.5862
1613.41	56.9655
1614.33	59.4483
1615.25	55.6552
1616.16	57.3103
1617.08	56.6207
1617.99	56.9655
1618.91	56.6207
1619.82	57.1035
1620.74	57.6552
1621.65	56.8276
1622.57	57.5172
1623.48	57.3103
1624.4	55.4483
1625.31	56.5517
1626.23	54.3448
1627.14	56.4828
1628.05	57.8621
1628.97	56.6207
1629.88	57.931
1630.79	55.1034
1631.7	56.4828
1632.61	56.069
1633.53	57.1035
1634.44	55.6552
1635.35	57.6552
1636.26	56.8276
1637.17	55.6552
1638.08	55.6552
1638.99	56.4138
1639.9	55.8621
1640.81	55.3793
1641.72	56.2759
1642.63	54
1643.54	57.2414
1644.45	53.3793
1645.36	57.6552
1646.26	56.9655
1647.17	54.8965
1648.08	54.1379
1648.99	54.6207
1649.9	53.7931
1650.8	53.3793
1651.71	55.5172
1652.62	55.5172
1653.52	56.069
1654.43	55.7931
1655.34	54.6207
1656.24	54.4828
1657.15	54.2069
1658.05	53.8621
1658.96	53.7931
1659.86	52.8965
1660.77	54.5517
1661.67	55.6552
1662.57	54.1379
1663.48	54.8276
1664.38	54.6207
1665.28	54
1666.19	54.2759
1667.09	54.1379
1667.99	51.931
1668.9	54.7586
1669.8	53.7241
1670.7	53.3103
1671.6	53.5172
1672.5	52.8276
1673.4	53.931
1674.3	52.3448
1675.2	54.1379
1676.1	53.5862
1677.01	52.2069
1677.9	53.1724
1678.8	53.8621
1679.7	53.2414
1680.6	55.3103
1681.5	54.9655
1682.4	53.6552
1683.3	54.069
1684.2	52.6897
1685.1	53.3103
1685.99	53.2414
1686.89	51.1035
1687.79	52.6207
1688.69	51.7931
1689.58	51.7241
1690.48	54.7586
1691.38	52.2069
1692.27	52.2759
1693.17	51.2414
1694.06	51.1724
1694.96	52.069
1695.85	51.5862
1696.75	52.3448
1697.64	52
1698.54	53.0345
1699.43	54
1700.32	53.3103
1701.22	51.8621
1702.11	52.3448
1703	53.0345
1703.9	52.8276
1704.79	51.0345
1705.68	51.3103
1706.57	50.9655
1707.47	52.2069
1708.36	51.3103
1709.25	51.5172
1710.14	48.9655
1711.03	51.5172
1711.92	52.4828
1712.81	51.7241
1713.7	51.3104
1714.59	51.7931
1715.48	52.2069
1716.37	53.0345
1717.26	51.4483
1718.15	50.4828
1719.04	52.069
1719.93	52.1379
1720.82	52.1379
1721.71	50.9655
1722.59	51.0345
1723.48	51.7241
1724.37	50
1725.26	52.5517
1726.14	51.931
1727.03	50.4138
1727.92	50.069
1728.8	50.8966
1729.69	50.7586
1730.57	49.1724
1731.46	51.3793
1732.35	51.6552
1733.23	50.6897
1734.12	51.3103
1735	50.2759
1735.88	50.2069
1736.77	49.1724
1737.65	48.2069
1738.54	49.4483
1739.42	51.1035
1740.3	50.4138
1741.18	50.2069
1742.07	49.5862
1742.95	50.5517
1743.83	50.8966
1744.71	50.4138
1745.6	47.1724
1746.48	49.1034
1747.36	48.9655
1748.24	47.8621
1749.12	49.4483
1750	48.6897
1750.88	49.931
1751.76	50.3448
1752.64	48.7586
1753.52	49.2414
1754.4	48.7586
1755.28	48.4828
1756.16	48.2069
1757.04	47.5172
1757.91	49.1035
1758.79	47.7931
1759.67	49.2414
1760.55	46.1379
1761.43	50.6897
1762.3	48.9655
1763.18	46.5517
1764.06	48.069
1764.93	49.0345
1765.81	49.2414
1766.69	49.931
1767.56	48.069
1768.44	48.6897
1769.31	49.8621
1770.19	48.4828
1771.06	47.5862
1771.94	48
1772.81	48.6897
1773.68	48
1774.56	46.4828
1775.43	47.4483
1776.3	48.069
1777.18	47.3103
1778.05	48.8276
1778.92	48.2759
1779.8	48
1780.67	46.2069
1781.54	46.5517
1782.41	47.3103
1783.28	47.1034
1784.15	46
1785.03	46.8965
1785.9	46.8276
1786.77	48.3448
1787.64	47.1724
1788.51	47.0345
1789.38	47.7241
1790.25	46.8966
1791.12	47.0345
1791.98	46.5517
1792.85	46.9655
1793.72	44.6207
1794.59	48
1795.46	48.3448
1796.33	47.1724
1797.19	47.7931
1798.06	46.2759
1798.93	45.5862
1799.8	46.9655
1800.66	45.2414
1801.53	45.3103
1802.4	45.8621
1803.26	46.9655
1804.13	48.6897
1804.99	46.2069
1805.86	48
1806.72	49.0345
1807.59	45.5172
1808.45	44.8965
1809.32	45.2414
1810.18	45.5862
1811.04	47.2414
1811.91	46.3448
1812.77	47.1724
1813.64	45.5172
1814.5	46.069
1815.36	45.7931
1816.22	44
1817.09	46.1379
1817.95	46.1379
1818.81	45.7241
1819.67	46.1379
1820.53	46.069
1821.39	45.4483
1822.25	45.2414
1823.11	45.6552
1823.97	44.8276
1824.83	45.0345
1825.69	44.8965
1826.55	44.6897
1827.41	45.2414
1828.27	45.931
1829.13	46.1379
1829.99	45.1035
1830.85	43.7241
1831.71	47.8621
1832.56	44.6897
1833.42	44.8965
1834.28	45.0345
1835.14	44.6897
1835.99	43.2414
1836.85	45.1724
1837.71	45.6552
1838.56	44.4828
1839.42	45.2414
1840.28	45.1035
1841.13	44.2069
1841.99	44.6897
1842.84	44.1379
1843.7	45.3103
1844.55	45.1724
1845.41	45.1034
1846.26	45.5862
1847.11	44.1379
1847.97	44.2069
1848.82	44.069
1849.67	43.5172
1850.53	42.9655
1851.38	44.2759
1852.23	44.6897
1853.09	42.1379
1853.94	45.7241
1854.79	45.2414
1855.64	44.4138
1856.49	43.7241
1857.34	44.4138
1858.19	43.0345
1859.04	43.1724
1859.9	44.4138
1860.75	44.3448
1861.6	44
1862.45	44.8276
1863.29	43.5862
1864.14	44.5517
1864.99	43.4483
1865.84	45.1034
1866.69	43.0345
1867.54	42.4138
1868.39	42.069
1869.23	44.6897
1870.08	43.1035
1870.93	44.4138
1871.78	42.7586
1872.62	43.7241
1873.47	46.4828
1874.32	44.2069
1875.16	43.0345
1876.01	42.5517
1876.85	44.5517
1877.7	41.7241
1878.55	44.4138
1879.39	42.8965
1880.24	42.4828
1881.08	45.1035
1881.92	45.0345
1882.77	42.6207
1883.61	42.4828
1884.46	43.0345
1885.3	41.931
1886.14	43.3793
1886.99	42.4138
1887.83	41.931
1888.67	42.5517
1889.51	43.4483
1890.35	42.7586
1891.2	42.8276
1892.04	44.3448
1892.88	42.8276
1893.72	42.6207
1894.56	43.2414
1895.4	44.1379
1896.24	43.2414
1897.08	43.5862
1897.92	42.7586
1898.76	42.2069
1899.6	43.5862
1900.44	41.7931
1901.28	42.5517
1902.12	43.1724
1902.96	43.5862
1903.79	43.4483
1904.63	41.8621
1905.47	43.8621
1906.31	41.931
1907.14	43.5862
1907.98	42.4828
1908.82	42.1379
1909.66	41.3793
1910.49	43.1035
1911.33	42.4138
1912.16	43.1034
1913	44.5517
1913.83	43.3103
1914.67	42.7586
1915.51	42.6897
1916.34	43.5172
1917.17	41.3793
1918.01	42.6207
1918.84	41.5172
1919.68	42.4138
1920.51	42.4828
1921.34	41.6552
1922.18	42.6897
1923.01	42.6207
1923.84	41.8621
1924.68	41.8621
1925.51	42.5517
1926.34	41.931
1927.17	43.5862
1928	40.9655
1928.83	40.2759
1929.66	42.7586
1930.5	40.6207
1931.33	41.7241
1932.16	42.7586
1932.99	41.1034
1933.82	42
1934.65	39.931
1935.47	40.8276
1936.3	41.7931
1937.13	42.7586
1937.96	41.1724
1938.79	41.3793
1939.62	42
1940.45	42.3448
1941.27	42.9655
1942.1	41.2414
1942.93	40.5517
1943.76	42.2759
1944.58	41.3793
1945.41	42.4828
1946.24	43.7931
1947.06	42.069
1947.89	41.8621
1948.71	41.2414
1949.54	43.1035
1950.36	41.4483
1951.19	42.3448
1952.01	41.0345
1952.84	41.6552
1953.66	41.931
1954.49	41.5862
1955.31	41.8621
1956.13	40.8966
1956.96	41.3103
1957.78	41.2414
1958.6	40.7586
1959.43	41.7931
1960.25	41.5862
1961.07	41.0345
1961.89	42.2069
1962.71	42.2069
1963.54	41.1034
1964.36	39.5172
1965.18	41.4483
1966	42.3448
1966.82	42.2069
1967.64	41.4483
1968.46	40.4138
1969.28	40.7586
1970.1	41.6552
1970.92	42.1379
1971.74	40.069
1972.56	42
1973.38	41.7241
1974.19	39.3103
1975.01	40.1379
1975.83	41.0345
1976.65	41.3103
1977.47	40.6897
1978.28	40.7586
1979.1	39.1035
1979.92	43.0345
1980.73	41.5172
1981.55	40.4828
1982.37	41.931
1983.18	40.2759
1984	39.8621
1984.81	41.2414
1985.63	42.3448
1986.44	42.4828
1987.26	40.9655
1988.07	41.1034
1988.89	41.6552
1989.7	40.4828
1990.52	41.4483
1991.33	40
1992.14	40.4828
1992.96	41.2414
1993.77	42.2069
1994.58	40.2759
1995.39	40.6207
1996.21	42.2759
1997.02	40.6207
1997.83	40.3448
1998.64	41.3793
1999.45	39.4483
2000.26	40.069
2001.08	39.7241
2001.89	40.6207
2002.7	41.3793
2003.51	40.069
2004.32	40.3448
2005.13	40.8276
2005.94	41.1035
2006.75	39.2414
2007.55	40.4138
2008.36	40.069
2009.17	40.8966
2009.98	40.5517
2010.79	41.7241
2011.6	40.6207
2012.4	40.2069
2013.21	39.6552
2014.02	40.2759
2014.83	39.1724
2015.63	39.931
2016.44	39.1724
2017.24	40.5517
2018.05	40.6897
2018.86	41.2414
2019.66	39.1035
2020.47	40
2021.27	40.8276
2022.08	38.8276
2022.88	40.5517
2023.69	39.5172
2024.49	38.8965
2025.3	41.7931
2026.1	39.7931
2026.9	40.8276
2027.71	40.4828
2028.51	39.4483
2029.31	41.8621
2030.11	39.7931
2030.92	40.7586
2031.72	40.2759
2032.52	39.4483
2033.32	39.6552
2034.12	39.5172
2034.92	40.6207
2035.73	40.4828
2036.53	39.3103
2037.33	39.3793
2038.13	40.2759
2038.93	38.3448
2039.73	39.2414
2040.53	39.8621
2041.33	40
2042.13	40.8276
2042.92	40.4138
2043.72	39.7241
2044.52	39.7931
2045.32	40.9655
2046.12	39.931
2046.92	38.4828
2047.71	40.2069
2048.51	38.2759
2049.31	39.3793
2050.1	40.3448
2050.9	40.2069
2051.7	40.8276
2052.49	40.6897
2053.29	38.1379
2054.09	39.8621
2054.88	39.1034
2055.68	40.2069
2056.47	39.0345
2057.27	40.069
2057.61	44
2058.44	42
2059.28	48
2060.11	40
2060.94	40
2061.77	40
2062.6	46
2063.44	40
2064.27	38
2065.1	46
2065.93	42
2066.76	44
2067.59	44
2068.42	46
2069.25	48
2070.08	42
2070.91	48
2071.74	42
2072.57	46
2073.4	40
2074.23	46
2075.05	44
2075.88	44
2076.71	44
2077.54	42
2078.37	36
2079.2	42
2080.02	46
2080.85	40
2081.68	38
2082.5	44
2083.33	40
2084.16	46
2084.98	48
2085.81	48
2086.64	36
2087.46	44
2088.29	42
2089.11	38
2089.94	46
2090.76	44
2091.59	44
2092.41	40
2093.23	36
2094.06	50
2094.88	36
2095.71	42
2096.53	36
2097.35	46
2098.18	46
2099	46
2099.82	42
2100.64	44
2101.47	42
2102.29	42
2103.11	36
2103.93	38
2104.75	48
2105.57	48
2106.4	40
2107.22	52
2108.04	46
2108.86	36
2109.68	44
2110.5	42
2111.32	36
2112.14	46
2112.96	36
2113.78	40
2114.6	42
2115.41	40
2116.23	38
2117.05	46
2117.87	40
2118.69	40
2119.51	40
2120.32	40
2121.14	34
2121.96	40
2122.78	46
2123.59	42
2124.41	44
2125.23	44
2126.04	42
2126.86	42
2127.67	44
2128.49	46
2129.3	48
2130.12	44
2130.94	40
2131.75	40
2132.56	46
2133.38	46
2134.19	40
2135.01	44
2135.82	38
2136.64	36
2137.45	40
2138.26	38
2139.07	40
2139.89	44
2140.7	36
2141.51	44
2142.33	40
2143.14	40
2143.95	46
2144.76	40
2145.57	38
2146.38	46
2147.2	32
2148.01	36
2148.82	50
2149.63	38
2150.44	44
2151.25	44
2152.06	40
2152.87	40
2153.68	40
2154.49	42
2155.29	40
2156.1	44
2156.91	50
2157.72	38
2158.53	36
2159.34	38
2160.15	46
2160.95	40
2161.76	36
2162.57	48
2163.38	48
2164.18	36
2164.99	42
2165.8	38
2166.6	34
2167.41	44
2168.21	40
2169.02	46
2169.82	44
2170.63	42
2171.44	38
2172.24	40
2173.05	42
2173.85	44
2174.65	44
2175.46	56
2176.26	36
2177.07	40
2177.87	38
2178.67	44
2179.48	42
2180.28	36
2181.08	44
2181.88	38
2182.69	34
2183.49	44
2184.29	40
2185.09	38
2185.89	40
2186.7	50
2187.5	42
2188.3	46
2189.1	42
2189.9	36
2190.7	36
2191.5	36
2192.3	40
2193.1	38
2193.9	50
2194.7	42
2195.5	38
2196.3	40
2197.1	42
2197.89	34
2198.69	44
2199.49	44
2200.29	40
2201.09	34
2201.88	36
2202.68	34
2203.48	52
2204.28	42
2205.07	38
2205.87	36
2206.67	36
2207.46	36
2208.26	36
2209.05	46
2209.85	34
2210.64	36
2211.44	42
2212.23	36
2213.03	46
2213.82	40
2214.62	42
2215.41	42
2216.21	34
2217	42
2217.79	38
2218.59	36
2219.38	40
2220.17	40
2220.97	44
2221.76	42
2222.55	34
2223.34	48
2224.14	38
2224.93	38
2225.72	38
2226.51	44
2227.3	44
2228.09	40
2228.88	48
2229.68	40
2230.47	48
2231.26	38
2232.05	46
2232.84	42
2233.63	42
2234.42	42
2235.2	38
2235.99	42
2236.78	30
2237.57	40
2238.36	50
2239.15	40
2239.94	38
2240.72	34
2241.51	32
2242.3	38
2243.09	48
2243.87	36
2244.66	38
2245.45	48
2246.23	42
2247.02	48
2247.81	44
2248.59	38
2249.38	36
2250.16	40
2250.95	48
2251.73	44
2252.52	40
2253.3	44
2254.09	40
2254.87	44
2255.66	38
2256.44	44
2257.22	40
2258.01	42
2258.79	38
2259.57	30
2260.36	42
2261.14	46
2261.92	38
2262.71	34
2263.49	42
2264.27	40
2265.05	34
2265.83	44
2266.61	32
2267.4	42
2268.18	44
2268.96	42
2269.74	40
2270.52	36
2271.3	42
2272.08	42
2272.86	48
2273.64	36
2274.42	40
2275.2	36
2275.98	46
2276.75	36
2277.53	38
2278.31	38
2279.09	40
2279.87	48
2280.65	42
2281.42	42
2282.2	40
2282.98	40
2283.76	38
2284.53	42
2285.31	40
2286.09	38
2286.86	42
2287.64	40
2288.41	42
2289.19	42
2289.96	40
2290.74	44
2291.51	36
2292.29	42
2293.06	38
2293.84	46
2294.61	42
2295.39	40
2296.16	42
2296.94	38
2297.71	38
2298.48	38
2299.26	40
2300.03	38
2300.8	34
2301.57	44
2302.35	40
2303.12	42
2303.89	34
2304.66	38
2305.43	38
2306.2	34
2306.98	34
2307.75	46
2308.52	38
2309.29	30
2310.06	32
2310.83	36
2311.6	42
2312.37	44
2313.14	38
2313.91	40
2314.68	38
2315.45	40
2316.21	40
2316.98	38
2317.75	38
2318.52	38
2319.29	32
2320.06	38
2320.82	40
2321.59	44
2322.36	38
2323.12	34
2323.89	42
2324.66	40
2325.43	40
2326.19	40
2326.96	44
2327.72	30
2328.49	36
2329.25	40
2330.02	42
2330.78	44
2331.55	36
2332.31	46
2333.08	42
2333.84	34
2334.61	42
2335.37	36
2336.13	48
2336.9	38
2337.66	38
2338.42	36
2339.19	40
2339.95	42
2340.71	48
2341.48	38
2342.24	36
2343	42
2343.76	36
2344.52	34
2345.28	38
2346.04	40
2346.81	30
2347.57	42
2348.33	40
2349.09	36
2349.85	40
2350.61	36
2351.37	46
2352.13	40
2352.89	38
2353.65	40
2354.4	46
2355.16	40
2355.92	40
2356.68	42
2357.44	44
2358.2	36
2358.95	42
2359.71	36
2360.47	40
2361.23	42
2361.98	38
2362.74	30
2363.5	40
2364.25	38
2365.01	38
2365.77	32
2366.52	36
2367.28	40
2368.03	40
2368.79	44
2369.54	42
2370.3	28
2371.05	28
2371.81	38
2372.56	40
2373.32	40
2374.07	38
2374.82	40
2375.58	40
2376.33	40
2377.08	42
2377.84	36
2378.59	40
2379.34	38
2380.09	34
2380.85	44
2381.6	38
2382.35	40
2383.1	40
2383.85	34
2384.61	42
2385.36	40
2386.11	38
2386.86	36
2387.61	48
2388.36	44
2389.11	46
2389.86	40
2390.61	38
2391.36	46
2392.11	38
2392.86	42
2393.6	44
2394.35	40
2395.1	44
2395.85	42
2396.6	50
2397.35	42
2398.09	34
2398.84	42
2399.59	38
2400.34	44
2401.08	34
2401.83	36
2402.58	38
2403.32	44
2404.07	38
2404.81	44
2405.56	46
2406.31	36
2407.05	38
2407.8	46
2408.54	36
2409.29	38
2410.03	50
2410.77	38
2411.52	42
2412.26	42
2413.01	44
2413.75	46
2414.49	38
2415.24	34
2415.98	42
2416.72	32
2417.46	34
2418.21	48
2418.95	50
2419.69	36
2420.43	46
2421.18	42
2421.92	38
2422.66	36
2423.4	36
2424.14	38
2424.88	42
2425.62	36
2426.36	46
2427.1	40
2427.84	26
2428.58	40
2429.32	46
2430.06	36
2430.8	40
2431.54	36
2432.28	34
2433.02	32
2433.75	44
2434.49	38
2435.23	36
2435.97	32
2436.71	36
2437.44	40
2438.18	34
2438.92	42
2439.65	40
2440.39	38
2441.13	34
2441.86	50
2442.6	44
2443.33	28
2444.07	38
2444.81	38
2445.54	36
2446.28	38
2447.01	36
2447.75	40
2448.48	40
2449.21	28
2449.95	36
2450.68	42
2451.42	36
2452.15	38
2452.88	38
2453.62	34
2454.35	34
2455.08	40
2455.81	44
2456.55	40
2457.28	38
2458.01	38
2458.74	36
2459.47	42
2460.21	36
2460.94	34
2461.67	36
2462.4	44
2463.13	38
2463.86	36
2464.59	36
2465.32	44
2466.05	40
2466.78	36
2467.51	36
2468.24	38
2468.97	44
2469.7	40
2470.42	34
2471.15	44
2471.88	38
2472.61	36
2473.34	30
2474.06	38
2474.79	38
2475.52	36
2476.25	42
2476.97	36
2477.7	38
2478.43	36
2479.15	32
2479.88	42
2480.61	40
2481.33	32
2482.06	40
2482.78	44
2483.51	38
2484.23	40
2484.96	48
2485.68	34
2486.41	40
2487.13	40
2487.85	36
2488.58	30
2489.3	40
2490.03	30
2490.75	40
2491.47	38
2492.19	40
2492.92	42
2493.64	42
2494.36	36
2495.08	34
2495.81	44
2496.53	38
2497.25	38
2497.97	38
2498.69	36
2499.41	42
2500.13	38
2500.85	42
2501.57	36
2502.29	38
2503.01	38
2503.73	42
2504.45	36
2505.17	30
2505.89	44
2506.61	34
2507.33	36
2508.05	38
2508.77	38
2509.49	40
2510.2	38
2510.92	42
2511.64	42
2512.36	40
2513.07	36
2513.79	36
2514.51	36
2515.22	34
2515.94	44
2516.66	42
2517.37	42
2518.09	44
2518.81	40
2519.52	36
2520.24	42
2520.95	38
2521.67	34
2522.38	36
2523.1	40
2523.81	40
2524.52	42
2525.24	50
2525.95	38
2526.67	42
2527.38	36
2528.09	38
2528.81	40
2529.52	42
2530.23	40
2530.94	34
2531.66	40
2532.37	38
2533.08	34
2533.79	38
2534.5	36
2535.21	36
2535.93	42
2536.64	28
2537.35	30
2538.06	40
2538.77	30
2539.48	30
2540.19	38
2540.9	34
2541.61	40
2542.32	38
2543.03	44
2543.73	32
2544.44	34
2545.15	40
2545.86	36
2546.57	38
2547.28	40
2547.99	42
2548.69	36
2549.4	42
2550.11	48
2550.81	44
2551.52	38
2552.23	40
2552.93	34
2553.64	34
2554.35	40
2555.05	42
2555.76	38
2556.46	34
2557.17	32
2557.88	36
2558.58	36
2559.29	32
2559.99	34
2560.69	34
2561.4	34
2562.1	36
2562.81	38
2563.51	34
2564.21	44
2564.92	38
2565.62	38
2566.32	38
2567.03	38
2567.73	38
2568.43	36
2569.13	40
2569.83	38
2570.54	40
2571.24	36
2571.94	40
2572.64	40
2573.34	36
2574.04	42
2574.74	32
2575.44	40
2576.14	34
2576.84	30
2577.54	30
2578.24	36
2578.94	38
2579.64	38
2580.34	36
2581.04	44
2581.74	30
2582.44	36
2583.13	42
2583.83	36
2584.53	38
2585.23	40
2585.93	38
2586.62	34
2587.32	36
2588.02	36
2588.71	42
2589.41	34
2590.11	34
2590.8	36
2591.5	32
2592.19	40
2592.89	40
2593.59	38
2594.28	40
2594.98	36
2595.67	36
2596.37	38
2597.06	40
2597.75	42
2598.45	42
2599.14	40
2599.84	36
2600.53	38
2601.22	34
2601.92	36
2602.61	34
2603.3	36
2603.99	36
2604.69	38
2605.38	42
2606.07	36
2606.76	42
2607.45	42
2608.15	36
2608.84	42
2609.53	34
2610.22	32
2610.91	40
2611.6	46
2612.29	36
2612.98	40
2613.67	40
2614.36	42
2615.05	32
2615.74	42
2616.43	40
2617.12	38
2617.81	40
2618.49	34
2619.18	44
2619.87	38
2620.56	34
2621.25	38
2621.93	38
2622.62	36
2623.31	38
2624	36
2624.68	44
2625.37	38
2626.06	42
2626.74	34
2627.43	34
2628.11	34
2628.8	40
2629.49	34
2630.17	38
2630.86	48
2631.54	36
2632.23	34
2632.91	38
2633.6	42
2634.28	38
2634.96	32
2635.65	38
2636.33	36
2637.01	40
2637.7	44
2638.38	32
2639.06	36
2639.75	40
2640.43	34
2641.11	40
2641.79	30
2642.48	40
2643.16	42
2643.84	30
2644.52	38
2645.2	38
2645.88	42
2646.56	34
2647.24	38
2647.92	40
2648.6	36
2649.28	36
2649.96	40
2650.64	36
2651.32	38
2652	34
2652.68	38
2653.36	40
2654.04	36
2654.72	40
2655.4	40
2656.07	40
2656.75	42
2657.43	36
2658.11	36
2658.79	42
2659.46	38
2660.14	38
2660.82	38
2661.49	36
2662.17	44
2662.85	38
2663.52	38
2664.2	38
2664.87	38
2665.55	42
2666.22	40
2666.9	38
2667.57	42
2668.25	32
2668.92	38
2669.6	34
2670.27	32
2670.95	32
2671.62	44
2672.29	30
2672.97	40
2673.64	44
2674.31	38
2674.99	34
2675.66	38
2676.33	34
2677	42
2677.68	44
2678.35	40
2679.02	32
2679.69	48
2680.36	42
2681.03	44
2681.7	34
2682.37	34
2683.05	42
2683.72	32
2684.39	36
2685.06	40
2685.73	32
2686.4	34
2687.06	36
2687.73	34
2688.4	34
2689.07	36
2689.74	34
2690.41	36
2691.08	44
2691.75	32
2692.41	40
2693.08	36
2693.75	34
2694.42	36
2695.08	46
2695.75	28
2696.42	28
2697.08	48
2697.75	40
2698.42	44
2699.08	42
2699.75	36
2700.41	32
2701.08	36
2701.75	38
2702.41	38
2703.08	48
2703.74	38
2704.4	36
2705.07	44
2705.73	36
2706.4	32
2707.06	40
2707.72	40
2708.39	34
2709.05	40
2709.71	38
2710.38	38
2711.04	36
2711.7	40
2712.36	46
2713.03	34
2713.69	34
2714.35	36
2715.01	44
2715.67	36
2716.33	40
2717	38
2717.66	40
2718.32	40
2718.98	34
2719.64	42
2720.3	36
2720.96	36
2721.62	34
2722.28	38
2722.94	42
2723.6	42
2724.25	38
2724.91	32
2725.57	38
2726.23	44
2726.89	34
2727.55	34
2728.2	42
2728.86	34
2729.52	38
2730.18	38
2730.83	38
2731.49	46
2732.15	38
2732.8	32
2733.46	42
2734.12	44
2734.77	34
2735.43	40
2736.08	42
2736.74	32
2737.39	36
2738.05	36
2738.7	36
2739.36	40
2740.01	34
2740.67	34
