174.118	378.748
177.119	376.95
180.12	376.061
183.119	372.141
186.116	371.596
189.112	366.424
192.106	367.434
195.099	360.182
198.09	356.141
201.081	358.505
204.069	353.919
207.056	355.03
210.042	353.657
213.026	351.677
216.008	351.636
218.989	351.091
221.969	350.323
224.948	348.162
227.925	350.04
230.9	347.96
233.874	346.606
236.847	344
239.818	346.263
242.787	344.949
245.756	343.636
248.723	345.434
251.687	348.647
254.651	343.495
257.614	343.758
260.575	345.192
263.535	338.828
266.493	336.081
269.45	337.414
272.404	338.424
275.359	338.424
278.311	336.606
281.262	329.273
284.212	337.333
287.16	332.343
290.106	333.879
293.052	334.182
295.995	335.495
298.937	342.626
301.879	342.909
304.819	347.737
307.756	347.434
310.693	350.465
313.628	352.99
316.562	354.202
319.494	360.606
322.425	365.05
325.355	364.808
328.283	363.515
331.21	362.222
334.136	357.556
337.059	357.111
339.982	358.04
342.903	354.525
345.823	355.778
348.741	352.748
351.658	352.081
354.573	347.838
357.487	346.222
360.4	345.232
363.311	346.081
366.221	344.303
369.129	344.546
372.037	347.071
374.942	350.687
377.846	350.545
380.749	347.091
383.651	337.838
386.551	332.687
389.449	331.192
392.346	329.152
395.242	326.202
398.137	324.929
401.03	325.636
403.921	327.152
406.811	336.263
409.7	335.576
412.588	334.687
415.473	331.273
418.358	321.717
421.242	320.242
424.123	319.03
427.004	320.707
429.883	321.737
432.76	319.333
435.637	323.293
438.511	317.778
441.385	315.354
444.258	310.545
447.128	309.899
449.997	310.97
452.865	312.95
455.732	311.757
458.597	306.303
461.461	304.121
464.324	297.455
467.185	297.111
470.045	291.636
472.902	290.283
475.76	287.677
478.615	287.879
481.469	287.232
484.322	287.737
487.173	288.748
490.024	286.222
492.872	287.677
495.72	289.03
498.566	287.01
501.41	285.091
504.254	283.232
507.096	284.202
509.936	283.717
512.775	282.949
515.613	283.111
518.45	282.97
521.285	280
524.119	277.151
526.951	273.475
529.781	274.586
532.611	272.343
535.44	271.394
538.267	268.041
541.092	269.556
543.917	268.222
546.739	267.05
549.561	266.707
552.381	268.242
555.2	266.95
558.018	267.758
560.834	264.99
563.648	264.889
566.462	263.374
569.274	263.838
572.084	260.02
574.894	257.636
577.702	257.475
580.509	256.081
583.314	256.747
586.117	254.364
588.92	255.919
591.722	252.667
594.521	253.758
597.321	250.323
600.117	250.525
602.914	248.081
605.708	247.212
608.502	244.121
611.294	243.818
614.084	240.727
616.873	242
619.661	242.384
622.448	240.465
625.233	238.606
628.017	238.525
630.8	239.737
633.581	239.535
636.362	236.747
639.14	237.232
641.917	234.646
644.693	230.465
647.468	228.909
650.242	230.566
653.013	229.576
655.784	228.141
658.554	228
661.321	226.02
664.088	224.384
666.853	223.01
669.617	222.182
672.38	222
675.141	219.475
677.902	220.141
680.661	219.03
683.418	219.434
686.175	216.646
688.929	217.111
691.683	215.071
694.435	216.323
697.186	214.283
699.936	212.283
702.685	214.364
705.431	215.192
708.177	210.182
710.921	211.313
713.664	213.172
716.406	210.141
719.146	211.697
721.886	212.525
724.624	210.646
727.36	211.495
730.096	210.323
732.829	209.818
735.562	207.879
738.294	207.333
741.024	206.667
743.753	208.343
746.48	208.121
749.206	207.05
751.931	203.919
754.655	206.485
757.377	207.556
760.098	206.162
762.818	206.242
765.537	206.424
768.254	205.212
770.969	203.96
773.684	205.616
776.397	204.687
779.109	206.465
781.82	205.01
784.529	203.556
787.238	204.626
789.944	202.687
792.65	202.444
795.354	200.323
798.057	200.263
800.759	199.192
803.46	198.646
806.159	197.616
808.856	195.333
811.553	197.636
814.248	194.323
816.943	194.949
819.635	195.798
822.327	192.465
825.017	191.434
827.706	189.818
830.393	189.758
833.08	188.707
835.765	192.646
838.448	193.333
841.131	193.374
843.812	191.091
846.492	187.455
849.171	186.869
851.849	188.465
854.526	185.455
857.2	188.747
859.874	191.05
862.546	193.111
865.218	190.99
867.888	189.576
870.556	187.677
873.224	186.848
875.89	187.818
878.555	186.687
881.219	185.859
883.881	187.616
886.542	189.495
889.202	189.616
891.86	190.04
894.518	189.556
897.174	187.919
899.829	189.596
902.482	188.242
905.134	184.101
907.786	183.192
910.436	185.535
913.084	183.798
915.732	183.091
918.378	181.253
921.023	181.919
923.666	181.737
926.308	181.232
928.949	180.263
931.59	179.152
934.228	177.899
936.866	178.162
939.502	175.879
942.136	176.081
944.77	177.232
947.403	176.404
950.034	176.202
952.664	174
955.293	175.596
957.92	175.677
960.546	177.374
963.171	177.697
965.795	177.273
968.417	177.838
971.039	177.838
973.659	177.333
976.277	177.374
978.895	176.364
981.512	178.141
984.127	176.586
986.741	178.364
989.353	178.747
991.964	178.586
994.575	178.404
997.184	180.586
999.791	177.556
1002.4	177.616
1005	176.606
1007.61	175.212
1010.21	174.909
1012.81	175.697
1015.41	176.303
1018.01	179.192
1020.61	178.949
1023.21	178.141
1025.8	180.929
1028.4	182.768
1030.99	182.465
1033.58	182.222
1036.17	184.99
1038.76	185.354
1041.35	184.444
1043.94	185.253
1046.52	186.323
1049.11	186.667
1051.69	191.677
1054.27	190.566
1056.85	193.455
1059.43	193.717
1062.01	192.081
1064.59	193.717
1067.17	194.283
1069.74	195.899
1072.31	196.768
1074.89	202.162
1077.46	203.535
1080.03	206.828
1082.6	212.242
1085.16	219.374
1087.73	222.99
1090.3	229.313
1092.86	232.747
1095.42	229.152
1097.98	224.646
1100.55	221.354
1103.1	216.222
1105.66	212.505
1108.22	213.071
1110.78	214.768
1113.33	215.616
1115.88	219.96
1118.44	217.96
1120.99	219.919
1123.54	221.939
1126.09	218.869
1128.63	219.919
1131.18	216.747
1133.72	216.242
1136.27	213.798
1138.81	212.465
1141.35	210.222
1143.89	210.808
1146.43	210.869
1148.97	211.03
1151.51	209.96
1154.04	209.212
1156.58	205.636
1159.11	206.606
1161.64	202.505
1164.17	204
1166.7	203.636
1169.23	202.707
1171.76	203.636
1174.28	200.889
1176.81	205.697
1179.33	204.848
1181.85	207.495
1184.38	208.646
1186.9	210.323
1189.41	210.202
1191.93	213.354
1194.45	213.556
1196.96	213.394
1199.48	214.828
1201.99	216.97
1204.5	217.98
1207.01	218.182
1209.52	219.919
1212.03	221.071
1214.54	220.99
1217.05	223.818
1219.55	222.97
1222.05	224.242
1224.56	228.485
1227.06	227.758
1229.56	229.717
1232.06	230.525
1234.56	232.121
1237.05	232.566
1239.55	234.586
1242.04	231.273
1244.54	234.747
1247.03	238.444
1249.52	236.727
1252.01	241.03
1254.5	245.151
1256.99	252.889
1259.47	259.273
1261.96	261.859
1264.44	265.192
1266.93	256.808
1269.41	250.99
1271.89	250.768
1274.37	251.555
1276.85	251.677
1279.32	252.364
1281.8	252.929
1284.27	256.182
1286.75	255.495
1289.22	258.788
1291.69	261.313
1294.16	265.03
1296.63	270.424
1299.1	272.263
1301.57	275.535
1304.03	281.879
1306.5	284.04
1308.96	289.273
1311.42	294.182
1313.88	300.444
1316.34	306.303
1318.8	306.889
1321.26	314.101
1323.72	322.323
1326.17	325.778
1328.63	330.121
1331.08	336.727
1333.53	338.949
1335.98	342.929
1338.43	345.636
1340.88	350.222
1343.33	353.818
1345.77	353.071
1348.22	357.354
1350.66	356.747
1353.11	358.707
1355.55	361.737
1357.99	360.828
1360.43	360.97
1362.87	363.798
1365.31	367.515
1367.74	365.131
1370.18	362.364
1372.61	364.606
1375.04	360.849
1377.48	360.727
1379.91	359.495
1382.34	356.808
1384.76	353.535
1387.19	353.172
1389.62	351.232
1392.04	346.707
1394.47	341.273
1396.89	341.576
1399.31	338.566
1401.73	337.212
1404.15	333.576
1406.57	331.152
1408.99	329.414
1411.4	327.697
1413.82	323.131
1416.23	320.444
1418.64	315.919
1421.06	314.545
1423.47	311.192
1425.88	309.333
1428.28	304.283
1430.69	302.141
1433.1	300.788
1435.5	297.899
1437.91	297.657
1440.31	292.707
1442.71	292.202
1445.11	290.869
1447.51	288.97
1449.91	287.05
1452.31	285.556
1454.7	283.192
1457.1	279.697
1459.49	279.313
1461.88	278.02
1464.28	273.313
1466.67	271.576
1469.05	267.556
1471.44	266.626
1473.83	264.747
1476.22	261.091
1478.6	257.717
1480.99	257.374
1483.37	255.151
1485.75	252.182
1488.13	251.333
1490.51	247.576
1492.89	245.758
1495.27	242.525
1497.64	243.596
1500.02	239.596
1502.39	239.657
1504.77	240.343
1507.14	236.444
1509.51	236.364
1511.88	236.404
1514.25	234.788
1516.62	232.97
1518.98	232.727
1521.35	232.747
1523.71	226.949
1526.08	229.636
1528.44	228.687
1530.8	228.707
1533.16	227.515
1535.52	227.697
1537.88	228.303
1540.23	225.939
1542.59	224.303
1544.94	224.384
1547.3	223.333
1549.65	221.394
1552	220.646
1554.35	221.879
1556.7	221.091
1559.05	219.737
1561.4	219.879
1563.74	217.879
1566.09	219.091
1568.43	219.899
1570.77	220
1573.11	219.677
1575.46	219.677
1577.79	222.869
1580.13	220.848
1582.47	221.616
1584.81	225.273
1587.14	228.364
1589.48	229.657
1591.81	228.121
1594.14	232.141
1596.47	233.919
1598.8	231.434
1601.13	232.687
1603.46	229.859
1605.79	228.02
1608.11	223.717
1610.44	222.566
1612.76	219.616
1615.08	216.727
1617.4	212.909
1619.72	210.364
1622.04	209.414
1624.36	205.798
1626.68	206.566
1629	202.949
1631.31	200.182
1633.62	198.263
1635.94	196.081
1638.25	196.263
1640.56	193.071
1642.87	196.384
1645.18	195.131
1647.49	197.616
1649.79	193.939
1652.1	195.636
1654.4	193.778
1656.71	195.03
1659.01	192.889
1661.31	190.808
1663.61	190.162
1665.91	185.313
1668.21	184.788
1670.51	183.899
1672.8	179.879
1675.1	181.333
1677.39	179.313
1679.68	177.131
1681.98	174.929
1684.27	173.071
1686.56	174.101
1688.85	170.525
1691.13	169.172
1693.42	170.343
1695.71	168.162
1697.99	165.313
1700.27	167.515
1702.56	166.889
1704.84	163.96
1707.12	164.444
1709.4	161.697
1711.68	161.798
1713.95	161.051
1716.23	159.131
1718.51	159.98
1720.78	158.707
1723.05	157.758
1725.33	154.566
1727.6	154.101
1729.87	153.192
1732.14	151.838
1734.4	153.434
1736.67	149.899
1738.94	150.889
1741.2	148.848
1743.47	149.717
1745.73	147.636
1747.99	148.242
1750.25	145.333
1752.51	146.949
1754.77	145.354
1757.03	145.919
1759.29	143.859
1761.54	144.646
1763.8	141.737
1766.05	143.151
1768.3	145.212
1770.55	146.566
1772.81	145.818
1775.05	143.859
1777.3	142.364
1779.55	139.596
1781.8	140.747
1784.04	139.879
1786.29	138.929
1788.53	138.343
1790.77	138.909
1793.02	137.313
1795.26	138.242
1797.49	138.909
1799.73	136
1801.97	136.828
1804.21	136.849
1806.44	138.061
1808.68	135.475
1810.91	134.909
1813.14	136.929
1815.37	135.273
1817.6	135.111
1819.83	134.101
1822.06	134.404
1824.29	133.758
1826.52	134.162
1828.74	131.313
1830.97	131.576
1833.19	132.949
1835.41	131.657
1837.63	131.394
1839.85	129.313
1842.07	130.606
1844.29	132.101
1846.51	130.687
1848.72	131.232
1850.94	130.768
1853.15	129.495
1855.37	129.394
1857.58	129.576
1859.79	127.535
1862	125.434
1864.21	127.01
1866.42	126.788
1868.62	126.768
1870.83	126.242
1873.04	124.182
1875.24	123.737
1877.44	124.182
1879.64	123.919
1881.85	123.192
1884.05	121.939
1886.25	120.848
1888.44	120
1890.64	120.202
1892.84	120.889
1895.03	121.697
1897.23	118.04
1899.42	117.515
1901.61	116.909
1903.8	115.98
1905.99	116.384
1908.18	114.485
1910.37	112.586
1912.56	112.606
1914.75	111.051
1916.93	109.636
1919.12	110.687
1921.3	108.707
1923.48	109.01
1925.66	106.747
1927.84	107.616
1930.02	106.283
1932.2	104.687
1934.38	103.939
1936.56	103.535
1938.73	102.263
1940.91	102.707
1943.08	101.838
1945.25	100.566
1947.42	98.8081
1949.59	97.4343
1951.76	98.2424
1953.93	96.7071
1956.1	96.0808
1958.27	96.0404
1960.43	93.5152
1962.6	92.7879
1964.76	92.6667
1966.92	92.5455
1969.09	91.1515
1971.25	88.7475
1973.41	89.2728
1975.57	88.4848
1977.72	86.8485
1979.88	86.4647
1982.04	86.1414
1984.19	84.8687
1986.35	85.4343
1988.5	84.202
1990.65	82.303
1992.8	82.0808
1994.95	80.8081
1997.1	79.9192
1999.25	78.8081
2001.4	79.0909
2003.55	78.8081
2005.69	77.7778
2007.83	75.8384
2009.98	75.8384
2012.12	75.4343
2014.26	75.2525
2016.4	74.5859
2018.54	72.9495
2020.68	72.7071
2022.82	73.1111
2024.96	72.7273
2027.09	72.0202
2029.23	71.4546
2031.36	70.0404
2033.49	70.8081
2035.63	69.7778
2037.76	69.2929
2039.89	68.9899
2042.02	67.7778
2044.14	68.3636
2046.27	67.798
2048.4	67.7172
2050.52	67.5152
2052.65	66.6666
2054.77	67.3535
2056.89	65.1111
2059.01	65.8788
2061.13	64.7273
2063.25	65.5152
2065.37	63.3737
2067.49	64.6061
2069.61	62.8889
2071.72	64.0808
2073.84	64.4242
2075.95	63.3939
2078.06	63.2323
2080.18	62.3232
2082.29	62.7677
2084.4	61.1515
2086.51	60.6465
2088.62	61.2525
2090.72	61.899
2092.83	61.2525
2094.93	61.1313
2097.04	59.7778
2099.14	59.2727
2101.24	60.7879
2103.35	59.2929
2105.45	58.6869
2107.55	58.8687
2109.65	58.9293
2111.74	59.1919
2113.84	58.5252
2115.94	57.4949
2118.03	57.3131
2120.13	57.6364
2122.22	57.1919
2124.31	57.3333
2126.4	57.3737
2128.49	57.6364
2130.58	56.3434
2132.67	57.1313
2134.76	56.4242
2136.84	56.2222
2138.93	56.8081
2141.02	56.9091
2143.1	55.3333
2145.18	56.3232
2147.26	55.6364
2149.35	55.8788
2151.43	55.9394
2153.5	54.4242
2155.58	55.0101
2157.66	55.0101
2159.74	54.9091
2161.81	54.2828
2163.89	54.101
2165.96	54.5858
2168.03	54.9899
2170.1	53.8586
2172.18	53.4343
2174.25	53.899
2176.31	52.303
2178.38	52.8283
2180.45	53.5555
2182.52	53.2121
2184.58	52.6667
2186.65	52.7475
2188.71	52.5252
2190.77	53.0909
2192.83	52.5252
2194.89	52.5859
2196.95	51.6364
2199.01	52.4646
2201.07	51.0101
2203.13	51.4747
2205.18	50.9091
2207.24	50.9697
2209.29	50.4646
2211.35	51.6364
2213.4	51.8182
2215.45	52.4849
2217.5	51.0909
2219.55	49.7778
2221.6	50.6465
2223.65	50
2225.7	50.8485
2227.74	49.4141
2229.79	50.101
2231.83	49.3939
2233.87	49.7172
2235.92	49.9798
2237.96	49.4343
2240	48.9091
2242.04	49.2525
2244.08	48.9293
2246.11	49.495
2248.15	48.7879
2250.19	49.2727
2252.22	49.4343
2254.26	49.6768
2256.29	49.1717
2258.32	48.4848
2260.36	47.4748
2262.39	48.4444
2264.42	47.9596
2266.44	49.1111
2268.47	47.2121
2270.5	47.899
2272.53	47.4343
2274.55	47.4141
2276.58	47.8788
2278.6	47.6768
2280.62	48.1818
2282.64	47.697
2284.66	46.9495
2286.68	47.0505
2288.7	46.6465
2290.72	47.4748
2292.74	47.7778
2294.75	46.8283
2296.77	47.1919
2298.78	47.0707
2300.8	46.8283
2302.81	47.0505
2304.82	46.2626
2306.83	46.3838
2308.84	46.3839
2310.85	45.7778
2312.86	45.6162
2314.87	46.9899
2316.87	46.3838
2318.88	46.7071
2320.88	46.0808
2322.89	44.4849
2324.89	46.7677
2326.89	46.7273
2328.9	44.5859
2330.9	46.3838
2332.89	45.3535
2334.89	45.5758
2336.89	46
2338.89	46.1414
2340.88	44.8687
2342.88	45.0505
2344.87	45.9798
2346.87	45.0707
2348.86	45.0101
2350.85	44.6061
2352.84	44.2222
2354.83	45.5758
2356.82	44.2828
2358.81	43.8788
2360.79	43.7576
2362.78	43.7778
2364.76	44
2366.75	43.6566
2368.73	44.7071
2370.72	43.0505
2372.7	43.899
2374.68	43.7172
2376.66	44.2424
2378.64	43.798
2380.62	43.8788
2382.59	43.6162
2384.57	43.0101
2386.54	43.7172
2388.52	44.101
2390.49	42.8687
2392.47	43.9394
2394.44	43.9798
2396.41	43.5152
2398.38	44.2222
2400.35	43.4949
2402.32	44.4445
2404.29	43.5354
2406.25	43.7172
2408.22	43.4343
2410.18	42.6667
2412.15	44.0808
2414.11	42.9495
2416.07	43.2121
2418.04	43.9394
2420	43.3939
2421.96	43.3333
2423.92	43.697
2425.87	43.1515
2427.83	42.8081
2429.79	42.2222
2431.74	42.6061
2433.7	42.2828
2435.65	43.3939
2437.61	43.8384
2439.56	42.8687
2441.51	43.9394
2443.46	43.495
2445.41	43.2929
2447.36	43.2525
2449.31	42.7475
2451.25	43.3131
2453.2	43.8586
2455.15	43.7778
2457.09	42.7475
2459.03	43.8182
2460.98	44.0202
2462.92	42.6061
2464.86	43.0505
2466.8	43.0303
2468.74	42.3232
2470.68	42.7273
2472.61	43.0303
2474.55	42.1616
2476.49	42.4444
2478.42	43.0707
2480.36	43.2727
2482.29	42.404
2484.22	43.0505
2486.15	41.9798
2488.08	42.7475
2490.01	42.9293
2491.94	41.6768
2493.87	42.2222
2495.8	42.3434
2497.73	42.3434
2499.65	42.0808
2501.58	41.2323
2503.5	41.8384
2505.42	42.4646
2507.35	42.1212
2509.27	41.8182
2511.19	41.2525
2513.11	41.2121
2515.03	41.5758
2516.95	41.3737
2518.86	41.2121
2520.78	40.7273
2522.7	40.6465
2524.61	41.4748
2526.52	40.2424
2528.44	41.5758
2530.35	40.3232
2532.26	40.8485
2534.17	42.0202
2536.08	40.5455
2537.99	39.5758
2539.9	39.9798
2541.8	40.5858
2543.71	39.8788
2545.62	40.2424
2547.52	40.9293
2549.43	39.7374
2551.33	41.4747
2553.23	40.1818
2555.13	41.1313
2557.03	39.8586
2558.93	40.101
2560.83	40.202
2562.73	40.1414
2564.63	40.5656
2566.52	39.697
2568.42	40.2828
2570.31	39.798
2572.21	39.7778
2574.1	39.697
2575.99	39.6566
2577.88	40.3636
2579.77	39.1515
2581.66	38.7879
2583.55	39.798
2585.44	39.5151
2587.33	39.7778
